>A
M
1250.0;30.0	1202.51;12.0
1202.51;12.0	1154.84;-38.4
1154.84;-38.4	1106.99;-121.19999999999996
1106.99;-121.19999999999996	1091.0;-156.0
1091.0;-156.0	1060.55;-230.03999999999996
1060.55;-230.03999999999996	1032.8000000000002;-310.55999999999995
1032.8000000000002;-310.55999999999995	1007.75;-397.56
1007.75;-397.56	1000.0;-428.0
1000.0;-428.0	947.1399999999999;-421.4
947.1399999999999;-421.4	877.36;-414.79999999999995
877.36;-414.79999999999995	790.6600000000001;-408.20000000000005
790.6600000000001;-408.20000000000005	758.0;-406.0
758.0;-406.0	669.8599999999999;-399.03999999999996
669.8599999999999;-399.03999999999996	595.04;-391.36
595.04;-391.36	533.54;-382.96000000000004
533.54;-382.96000000000004	516.0;-380.0
516.0;-380.0	482.28000000000003;-304.01
482.28000000000003;-304.01	436.32000000000005;-208.04000000000002
436.32000000000005;-208.04000000000002	378.12;-92.09000000000003
378.12;-92.09000000000003	356.0;-49.0
356.0;-49.0	326.53999999999996;-12.279999999999998
326.53999999999996;-12.279999999999998	290.96;11.479999999999997
290.96;11.479999999999997	249.26000000000002;22.279999999999998
249.26000000000002;22.279999999999998	234.0;23.0
234.0;23.0	201.98999999999998;19.625
201.98999999999998;19.625	171.96;9.5
171.96;9.5	143.91;-7.374999999999994
143.91;-7.374999999999994	135.0;-14.5
135.0;-14.5	112.55999999999999;-38.845
112.55999999999999;-38.845	98.03999999999999;-66.88
98.03999999999999;-66.88	91.44;-98.60499999999999
91.44;-98.60499999999999	91.0;-110.0
91.0;-110.0	104.14;-162.56
104.14;-162.56	143.56;-259.04
143.56;-259.04	209.26;-399.43999999999994
209.26;-399.43999999999994	237.0;-456.0
237.0;-456.0	230.03999999999996;-474.23999999999995
230.03999999999996;-474.23999999999995	225.96;-491.76
225.96;-491.76	224.76;-508.56
224.76;-508.56	225.0;-514.0
225.0;-514.0	235.40999999999997;-540.91
235.40999999999997;-540.91	261.84000000000003;-564.04
261.84000000000003;-564.04	304.28999999999996;-583.39
304.28999999999996;-583.39	322.0;-589.0
322.0;-589.0	410.08;-738.2199999999999
410.08;-738.2199999999999	503.91999999999996;-890.6800000000001
503.91999999999996;-890.6800000000001	603.52;-1046.3799999999999
603.52;-1046.3799999999999	638.0;-1099.0
638.0;-1099.0	770.7199999999999;-1292.29
770.7199999999999;-1292.29	868.8800000000001;-1417.36
868.8800000000001;-1417.36	932.48;-1474.21
932.48;-1474.21	946.0;-1478.0
946.0;-1478.0	1005.43;-1466.03
1005.43;-1466.03	1051.72;-1430.12
1051.72;-1430.12	1084.87;-1370.27
1084.87;-1370.27	1093.0;-1345.0
1093.0;-1345.0	1107.07;-1271.17
1107.07;-1271.17	1125.28;-1178.08
1125.28;-1178.08	1147.6299999999999;-1065.73
1147.6299999999999;-1065.73	1156.0;-1024.0
1156.0;-1024.0	1195.03;-843.7299999999999
1195.03;-843.7299999999999	1238.92;-648.52
1238.92;-648.52	1287.6699999999998;-438.37
1287.6699999999998;-438.37	1305.0;-365.0
1305.0;-365.0	1312.5299999999997;-341.36
1312.5299999999997;-341.36	1326.72;-304.03999999999996
1326.72;-304.03999999999996	1347.57;-253.04000000000002
1347.57;-253.04000000000002	1356.0;-233.0
1356.0;-233.0	1374.36;-185.26999999999998
1374.36;-185.26999999999998	1386.24;-145.28
1386.24;-145.28	1391.6399999999999;-113.03
1391.6399999999999;-113.03	1392.0;-104.0
1392.0;-104.0	1388.0849999999998;-70.91
1388.0849999999998;-70.91	1376.34;-41.24
1376.34;-41.24	1356.765;-14.990000000000006
1356.765;-14.990000000000006	1348.5;-7.0
1348.5;-7.0	1321.3649999999998;12.709999999999999
1321.3649999999998;12.709999999999999	1292.16;25.04
1292.16;25.04	1260.885;29.99
1260.885;29.99	1250.0;30.0
1250.0;30.0	1250.0;30.0
Z
M
877.0;-996.0	824.89;-906.8699999999999
824.89;-906.8699999999999	762.1600000000001;-800.28
762.1600000000001;-800.28	688.8100000000001;-676.23
688.8100000000001;-676.23	662.0;-631.0
662.0;-631.0	693.4999999999999;-636.6399999999999
693.4999999999999;-636.6399999999999	734.0;-641.5600000000001
734.0;-641.5600000000001	783.5;-645.76
783.5;-645.76	802.0;-647.0
802.0;-647.0	861.7299999999999;-650.9300000000001
861.7299999999999;-650.9300000000001	906.52;-654.32
906.52;-654.32	936.3699999999999;-657.17
936.3699999999999;-657.17	943.0;-658.0
943.0;-658.0	926.9799999999999;-743.0199999999999
926.9799999999999;-743.0199999999999	907.72;-842.08
907.72;-842.08	885.22;-955.1800000000001
885.22;-955.1800000000001	877.0;-996.0
877.0;-996.0	877.0;-996.0
Z
>B
M
884.0;-39.0	733.1299999999999;5.3700000000000045
733.1299999999999;5.3700000000000045	560.12;34.08
560.12;34.08	364.9700000000001;47.13
364.9700000000001;47.13	295.0;48.0
295.0;48.0	260.125;43.49999999999999
260.125;43.49999999999999	227.5;30.0
227.5;30.0	197.125;7.500000000000007
197.125;7.500000000000007	187.5;-2.0
187.5;-2.0	163.27499999999998;-32.63
163.27499999999998;-32.63	147.60000000000002;-64.52000000000001
147.60000000000002;-64.52000000000001	140.475;-97.66999999999999
140.475;-97.66999999999999	140.0;-109.0
140.0;-109.0	140.0;-1169.0
140.0;-1169.0	138.29;-1209.8
138.29;-1209.8	136.76;-1250.6
136.76;-1250.6	135.41;-1291.3999999999999
135.41;-1291.3999999999999	135.0;-1305.0
135.0;-1305.0	134.19;-1349.04
134.19;-1349.04	135.36;-1388.7600000000002
135.36;-1388.7600000000002	138.51;-1424.1599999999999
138.51;-1424.1599999999999	140.0;-1435.0
140.0;-1435.0	161.62999999999997;-1484.74
161.62999999999997;-1484.74	209.72;-1521.1599999999999
209.72;-1521.1599999999999	284.27;-1544.26
284.27;-1544.26	315.0;-1549.0
315.0;-1549.0	369.5999999999999;-1560.2199999999998
369.5999999999999;-1560.2199999999998	442.20000000000005;-1567.48
442.20000000000005;-1567.48	532.8;-1570.78
532.8;-1570.78	567.0;-1571.0
567.0;-1571.0	678.9599999999999;-1560.0199999999998
678.9599999999999;-1560.0199999999998	788.04;-1527.08
788.04;-1527.08	894.24;-1472.18
894.24;-1472.18	929.0;-1449.0
929.0;-1449.0	1032.5299999999997;-1357.4099999999999
1032.5299999999997;-1357.4099999999999	1099.52;-1253.04
1099.52;-1253.04	1129.97;-1135.8899999999999
1129.97;-1135.8899999999999	1132.0;-1094.0
1132.0;-1094.0	1128.2199999999998;-1028.24
1128.2199999999998;-1028.24	1116.88;-968.96
1116.88;-968.96	1097.98;-916.1600000000001
1097.98;-916.1600000000001	1090.0;-900.0
1090.0;-900.0	1065.79;-860.7899999999998
1065.79;-860.7899999999998	1032.76;-819.96
1032.76;-819.96	990.9100000000001;-777.51
990.9100000000001;-777.51	975.0;-763.0
975.0;-763.0	1031.22;-730.4799999999999
1031.22;-730.4799999999999	1083.48;-689.32
1083.48;-689.32	1131.78;-639.52
1131.78;-639.52	1147.0;-621.0
1147.0;-621.0	1190.35;-557.4899999999999
1190.35;-557.4899999999999	1218.4;-494.15999999999997
1218.4;-494.15999999999997	1231.15;-431.01
1231.15;-431.01	1232.0;-410.0
1232.0;-410.0	1218.9499999999998;-331.4599999999999
1218.9499999999998;-331.4599999999999	1179.8;-255.44
1179.8;-255.44	1114.55;-181.94000000000003
1114.55;-181.94000000000003	1087.0;-158.0
1087.0;-158.0	1027.9899999999998;-114.11
1027.9899999999998;-114.11	967.36;-77.24000000000001
967.36;-77.24000000000001	905.11;-47.39000000000001
905.11;-47.39000000000001	884.0;-39.0
884.0;-39.0	884.0;-39.0
Z
M
567.0;-1300.0	498.86999999999995;-1299.82
498.86999999999995;-1299.82	449.28;-1299.28
449.28;-1299.28	418.23;-1298.38
418.23;-1298.38	412.0;-1298.0
412.0;-1298.0	413.0;-1086.0
413.0;-1086.0	412.0;-876.0
412.0;-876.0	462.54999999999995;-870.75
462.54999999999995;-870.75	505.0;-868.2
505.0;-868.2	539.3499999999999;-868.35
539.3499999999999;-868.35	549.0;-869.0
549.0;-869.0	705.06;-899.3299999999999
705.06;-899.3299999999999	806.04;-961.52
806.04;-961.52	851.9399999999999;-1055.57
851.9399999999999;-1055.57	855.0;-1094.0
855.0;-1094.0	846.9;-1136.1499999999999
846.9;-1136.1499999999999	822.6;-1177.4
822.6;-1177.4	782.1;-1217.75
782.1;-1217.75	765.0;-1231.0
765.0;-1231.0	708.1199999999999;-1266.19
708.1199999999999;-1266.19	649.08;-1288.96
649.08;-1288.96	587.88;-1299.31
587.88;-1299.31	567.0;-1300.0
567.0;-1300.0	567.0;-1300.0
Z
M
684.0;-593.0	621.3000000000001;-593.6299999999999
621.3000000000001;-593.6299999999999	542.4000000000001;-595.52
542.4000000000001;-595.52	447.3;-598.67
447.3;-598.67	412.0;-600.0
412.0;-600.0	412.0;-226.0
412.0;-226.0	517.81;-235.72
517.81;-235.72	628.8399999999999;-254.07999999999998
628.8399999999999;-254.07999999999998	745.09;-281.08
745.09;-281.08	785.0;-292.0
785.0;-292.0	874.5799999999999;-322.71999999999997
874.5799999999999;-322.71999999999997	932.12;-354.88
932.12;-354.88	957.62;-388.48
957.62;-388.48	959.0;-400.0
959.0;-400.0	947.5699999999998;-444.66999999999996
947.5699999999998;-444.66999999999996	916.8800000000001;-486.28
916.8800000000001;-486.28	866.9300000000001;-524.8299999999999
866.9300000000001;-524.8299999999999	846.0;-537.0
846.0;-537.0	795.3;-562.1999999999999
795.3;-562.1999999999999	746.4;-580.2
746.4;-580.2	699.3;-591.0
699.3;-591.0	684.0;-593.0
684.0;-593.0	684.0;-593.0
Z
>C
M
1104.0;-1065.0	1054.23;-1073.55
1054.23;-1073.55	1012.9200000000001;-1099.2
1012.9200000000001;-1099.2	980.07;-1141.9499999999998
980.07;-1141.9499999999998	971.0;-1160.0
971.0;-1160.0	958.9999999999999;-1183.76
958.9999999999999;-1183.76	947.0;-1201.04
947.0;-1201.04	934.9999999999999;-1211.84
934.9999999999999;-1211.84	931.0;-1214.0
931.0;-1214.0	917.5899999999998;-1217.57
917.5899999999998;-1217.57	895.3600000000001;-1219.8799999999999
895.3600000000001;-1219.8799999999999	864.31;-1220.9299999999998
864.31;-1220.9299999999998	852.0;-1221.0
852.0;-1221.0	772.89;-1203.36
772.89;-1203.36	686.76;-1150.44
686.76;-1150.44	593.61;-1062.24
593.61;-1062.24	561.0;-1025.0
561.0;-1025.0	443.19;-863.75
443.19;-863.75	366.96000000000004;-708.8
366.96000000000004;-708.8	332.31;-560.1500000000001
332.31;-560.1500000000001	330.0;-512.0
330.0;-512.0	336.56999999999994;-449.39
336.56999999999994;-449.39	356.28;-392.36
356.28;-392.36	389.13;-340.90999999999997
389.13;-340.90999999999997	403.0;-325.0
403.0;-325.0	449.40999999999997;-285.21999999999997
449.40999999999997;-285.21999999999997	501.04;-259.48
501.04;-259.48	557.89;-247.78
557.89;-247.78	578.0;-247.0
578.0;-247.0	637.67;-251.67999999999998
637.67;-251.67999999999998	697.88;-265.72
697.88;-265.72	758.63;-289.12
758.63;-289.12	779.0;-299.0
779.0;-299.0	807.8;-315.8
807.8;-315.8	851.0;-343.4
851.0;-343.4	908.5999999999999;-381.79999999999995
908.5999999999999;-381.79999999999995	931.0;-397.0
931.0;-397.0	974.3799999999999;-423.52
974.3799999999999;-423.52	1010.92;-440.67999999999995
1010.92;-440.67999999999995	1040.62;-448.48
1040.62;-448.48	1049.0;-449.0
1049.0;-449.0	1083.3799999999999;-445.0399999999999
1083.3799999999999;-445.0399999999999	1114.52;-433.15999999999997
1114.52;-433.15999999999997	1142.42;-413.36
1142.42;-413.36	1151.0;-405.0
1151.0;-405.0	1170.8899999999999;-379.31999999999994
1170.8899999999999;-379.31999999999994	1183.7599999999998;-351.48
1183.7599999999998;-351.48	1189.61;-321.48
1189.61;-321.48	1190.0;-311.0
1190.0;-311.0	1185.32;-276.94999999999993
1185.32;-276.94999999999993	1171.28;-245.6
1171.28;-245.6	1147.88;-216.95
1147.88;-216.95	1138.0;-208.0
1138.0;-208.0	972.0999999999999;-89.67999999999999
972.0999999999999;-89.67999999999999	804.4000000000001;-13.120000000000008
804.4000000000001;-13.120000000000008	634.9000000000001;21.679999999999996
634.9000000000001;21.679999999999996	578.0;24.0
578.0;24.0	449.29999999999995;9.239999999999997
449.29999999999995;9.239999999999997	333.20000000000005;-35.04
333.20000000000005;-35.04	229.70000000000005;-108.83999999999997
229.70000000000005;-108.83999999999997	198.0;-140.0
198.0;-140.0	122.51999999999998;-239.83999999999997
122.51999999999998;-239.83999999999997	73.68;-349.76
73.68;-349.76	51.480000000000004;-469.75999999999993
51.480000000000004;-469.75999999999993	50.0;-512.0
50.0;-512.0	76.37;-714.26
76.37;-714.26	155.48;-919.04
155.48;-919.04	287.3299999999999;-1126.34
287.3299999999999;-1126.34	343.0;-1196.0
343.0;-1196.0	493.38999999999993;-1346.9599999999998
493.38999999999993;-1346.9599999999998	645.76;-1444.6399999999999
645.76;-1444.6399999999999	800.11;-1489.04
800.11;-1489.04	852.0;-1492.0
852.0;-1492.0	877.635;-1491.7299999999998
877.635;-1491.7299999999998	901.74;-1490.92
901.74;-1490.92	924.315;-1489.57
924.315;-1489.57	931.5;-1489.0
931.5;-1489.0	952.035;-1486.93
952.035;-1486.93	971.04;-1484.32
971.04;-1484.32	988.515;-1481.17
988.515;-1481.17	994.0;-1480.0
994.0;-1480.0	1022.02;-1501.9299999999998
1022.02;-1501.9299999999998	1053.28;-1516.12
1053.28;-1516.12	1087.78;-1522.57
1087.78;-1522.57	1100.0;-1523.0
1100.0;-1523.0	1154.1799999999998;-1512.4699999999998
1154.1799999999998;-1512.4699999999998	1194.32;-1480.88
1194.32;-1480.88	1220.42;-1428.23
1220.42;-1428.23	1226.0;-1406.0
1226.0;-1406.0	1234.6699999999996;-1353.08
1234.6699999999996;-1353.08	1240.28;-1295.12
1240.28;-1295.12	1242.83;-1232.12
1242.83;-1232.12	1243.0;-1210.0
1243.0;-1210.0	1240.3899999999999;-1180.81
1240.3899999999999;-1180.81	1232.56;-1153.24
1232.56;-1153.24	1219.51;-1127.29
1219.51;-1127.29	1214.0;-1119.0
1214.0;-1119.0	1188.1399999999996;-1091.4599999999998
1188.1399999999996;-1091.4599999999998	1156.16;-1073.6399999999999
1156.16;-1073.6399999999999	1118.06;-1065.54
1118.06;-1065.54	1104.0;-1065.0
1104.0;-1065.0	1104.0;-1065.0
Z
>D
M
282.0;10.0	248.30999999999997;5.935
248.30999999999997;5.935	218.04;-5.06
218.04;-5.06	191.19;-22.984999999999992
191.19;-22.984999999999992	183.0;-30.5
183.0;-30.5	162.6;-55.685
162.6;-55.685	149.4;-83.84
149.4;-83.84	143.39999999999998;-114.96499999999997
143.39999999999998;-114.96499999999997	143.0;-126.0
143.0;-126.0	143.855;-195.0
143.855;-195.0	146.42000000000002;-282.0
146.42000000000002;-282.0	150.695;-387.0
150.695;-387.0	152.5;-426.0
152.5;-426.0	157.345;-537.0
157.345;-537.0	160.48;-630.0
160.48;-630.0	161.905;-704.9999999999999
161.905;-704.9999999999999	162.0;-726.0
162.0;-726.0	161.595;-802.5899999999999
161.595;-802.5899999999999	160.38;-899.1600000000001
160.38;-899.1600000000001	158.355;-1015.71
158.355;-1015.71	157.5;-1059.0
157.5;-1059.0	155.20499999999998;-1182.2099999999998
155.20499999999998;-1182.2099999999998	153.72;-1285.44
153.72;-1285.44	153.04500000000002;-1368.69
153.04500000000002;-1368.69	153.0;-1392.0
153.0;-1392.0	157.76999999999995;-1424.955
157.76999999999995;-1424.955	172.07999999999998;-1457.82
172.07999999999998;-1457.82	195.92999999999998;-1490.5949999999998
195.92999999999998;-1490.5949999999998	206.0;-1501.5
206.0;-1501.5	238.42999999999998;-1529.2949999999998
238.42999999999998;-1529.2949999999998	272.12;-1547.28
272.12;-1547.28	307.06999999999994;-1555.455
307.06999999999994;-1555.455	319.0;-1556.0
319.0;-1556.0	347.79999999999995;-1550.42
347.79999999999995;-1550.42	394.6;-1533.68
394.6;-1533.68	459.4;-1505.7799999999997
459.4;-1505.7799999999997	485.0;-1494.0
485.0;-1494.0	566.66;-1455.45
566.66;-1455.45	625.64;-1428.6000000000001
625.64;-1428.6000000000001	661.9399999999999;-1413.45
661.9399999999999;-1413.45	669.0;-1411.0
669.0;-1411.0	837.06;-1344.6399999999999
837.06;-1344.6399999999999	989.6399999999999;-1259.56
989.6399999999999;-1259.56	1126.7399999999998;-1155.76
1126.7399999999998;-1155.76	1169.0;-1117.0
1169.0;-1117.0	1294.97;-970.2999999999998
1294.97;-970.2999999999998	1376.48;-814.6
1376.48;-814.6	1413.53;-649.9000000000001
1413.53;-649.9000000000001	1416.0;-593.0
1416.0;-593.0	1408.35;-490.7299999999999
1408.35;-490.7299999999999	1385.4;-391.52
1385.4;-391.52	1347.1499999999999;-295.37
1347.1499999999999;-295.37	1331.0;-264.0
1331.0;-264.0	1274.3299999999997;-174.26999999999998
1274.3299999999997;-174.26999999999998	1206.32;-95.88000000000001
1206.32;-95.88000000000001	1126.97;-28.830000000000016
1126.97;-28.830000000000016	1098.0;-9.0
1098.0;-9.0	986.25;46.08
986.25;46.08	850.1999999999999;81.72
850.1999999999999;81.72	689.85;97.92
689.85;97.92	631.0;99.0
631.0;99.0	585.2199999999999;97.10999999999999
585.2199999999999;97.10999999999999	535.48;91.44
535.48;91.44	481.78;81.99000000000001
481.78;81.99000000000001	463.0;78.0
463.0;78.0	398.40999999999997;60.95999999999999
398.40999999999997;60.95999999999999	342.64;41.040000000000006
342.64;41.040000000000006	295.69;18.240000000000006
295.69;18.240000000000006	282.0;10.0
282.0;10.0	282.0;10.0
Z
M
844.0;-1018.0	765.8199999999999;-1060.9
765.8199999999999;-1060.9	647.6800000000001;-1116.3999999999999
647.6800000000001;-1116.3999999999999	489.58000000000004;-1184.5
489.58000000000004;-1184.5	428.0;-1210.0
428.0;-1210.0	428.0;-220.0
428.0;-220.0	452.43499999999995;-206.125
452.43499999999995;-206.125	478.93999999999994;-194.5
478.93999999999994;-194.5	507.515;-185.125
507.515;-185.125	517.5;-182.5
517.5;-182.5	548.835;-176.125
548.835;-176.125	582.24;-172.0
582.24;-172.0	617.715;-170.125
617.715;-170.125	630.0;-170.0
630.0;-170.0	748.62;-175.39999999999998
748.62;-175.39999999999998	845.28;-191.6
845.28;-191.6	919.98;-218.59999999999997
919.98;-218.59999999999997	940.0;-230.0
940.0;-230.0	990.115;-267.89
990.115;-267.89	1033.6599999999999;-313.15999999999997
1033.6599999999999;-313.15999999999997	1070.635;-365.80999999999995
1070.635;-365.80999999999995	1081.5;-385.0
1081.5;-385.0	1108.2749999999999;-444.52
1108.2749999999999;-444.52	1125.6;-505.48
1125.6;-505.48	1133.475;-567.88
1133.475;-567.88	1134.0;-589.0
1134.0;-589.0	1107.9;-731.7699999999999
1107.9;-731.7699999999999	1029.6;-862.48
1029.6;-862.48	899.1;-981.1299999999999
899.1;-981.1299999999999	844.0;-1018.0
844.0;-1018.0	844.0;-1018.0
Z
>S
M
571.0;61.0	428.31999999999994;50.82999999999999
428.31999999999994;50.82999999999999	305.08;20.32
305.08;20.32	201.28000000000003;-30.52999999999998
201.28000000000003;-30.52999999999998	171.0;-52.0
171.0;-52.0	108.26999999999998;-111.00999999999999
108.26999999999998;-111.00999999999999	67.68;-175.24
67.68;-175.24	49.230000000000004;-244.68999999999997
49.230000000000004;-244.68999999999997	48.0;-269.0
48.0;-269.0	51.419999999999995;-304.865
51.419999999999995;-304.865	61.67999999999999;-336.86
61.67999999999999;-336.86	78.77999999999999;-364.98499999999996
78.77999999999999;-364.98499999999996	86.0;-373.5
86.0;-373.5	111.41;-394.66499999999996
111.41;-394.66499999999996	142.04;-408.36
142.04;-408.36	177.89;-414.585
177.89;-414.585	191.0;-415.0
191.0;-415.0	240.67999999999998;-406.71999999999997
240.67999999999998;-406.71999999999997	281.72;-381.88
281.72;-381.88	314.12;-340.48
314.12;-340.48	323.0;-323.0
323.0;-323.0	370.16;-260.27
370.16;-260.27	443.24;-219.68
443.24;-219.68	542.24;-201.23000000000002
542.24;-201.23000000000002	581.0;-200.0
581.0;-200.0	683.2099999999999;-206.75
683.2099999999999;-206.75	783.44;-227.0
783.44;-227.0	881.6899999999999;-260.75
881.6899999999999;-260.75	914.0;-275.0
914.0;-275.0	999.1699999999998;-322.54999999999995
999.1699999999998;-322.54999999999995	1054.28;-372.79999999999995
1054.28;-372.79999999999995	1079.33;-425.75
1079.33;-425.75	1081.0;-444.0
1081.0;-444.0	1071.6399999999999;-511.8599999999999
1071.6399999999999;-511.8599999999999	1043.56;-564.24
1043.56;-564.24	996.7600000000001;-601.14
996.7600000000001;-601.14	977.0;-610.0
977.0;-610.0	919.19;-625.24
919.19;-625.24	834.56;-636.16
834.56;-636.16	723.1099999999999;-642.76
723.1099999999999;-642.76	680.0;-644.0
680.0;-644.0	579.4399999999998;-651.5299999999999
579.4399999999998;-651.5299999999999	485.36;-669.3199999999999
485.36;-669.3199999999999	397.76;-697.3699999999999
397.76;-697.3699999999999	370.0;-709.0
370.0;-709.0	275.92;-765.28
275.92;-765.28	215.68;-834.52
215.68;-834.52	189.28;-916.7199999999999
189.28;-916.7199999999999	188.0;-947.0
188.0;-947.0	207.97999999999996;-1061.0749999999998
207.97999999999996;-1061.0749999999998	264.32;-1169.3000000000002
264.32;-1169.3000000000002	357.02;-1271.675
357.02;-1271.675	396.0;-1304.5
396.0;-1304.5	522.78;-1387.3749999999998
522.78;-1387.3749999999998	657.1199999999999;-1441.0
657.1199999999999;-1441.0	799.02;-1465.375
799.02;-1465.375	848.0;-1467.0
848.0;-1467.0	910.9399999999999;-1462.9499999999998
910.9399999999999;-1462.9499999999998	982.16;-1450.8
982.16;-1450.8	1061.66;-1430.55
1061.66;-1430.55	1090.0;-1422.0
1090.0;-1422.0	1181.29;-1386.87
1181.29;-1386.87	1240.36;-1348.68
1240.36;-1348.68	1267.21;-1307.4299999999998
1267.21;-1307.4299999999998	1269.0;-1293.0
1269.0;-1293.0	1265.76;-1262.8799999999999
1265.76;-1262.8799999999999	1256.04;-1234.9199999999998
1256.04;-1234.9199999999998	1239.84;-1209.1200000000001
1239.84;-1209.1200000000001	1233.0;-1201.0
1233.0;-1201.0	1206.93;-1178.0499999999997
1206.93;-1178.0499999999997	1176.72;-1163.1999999999998
1176.72;-1163.1999999999998	1142.37;-1156.45
1142.37;-1156.45	1130.0;-1156.0
1130.0;-1156.0	1097.615;-1157.8
1097.615;-1157.8	1056.8600000000001;-1163.2
1056.8600000000001;-1163.2	1007.7349999999999;-1172.2
1007.7349999999999;-1172.2	989.5;-1176.0
989.5;-1176.0	937.4949999999999;-1186.2
937.4949999999999;-1186.2	893.68;-1192.8
893.68;-1192.8	858.0550000000001;-1195.8
858.0550000000001;-1195.8	848.0;-1196.0
848.0;-1196.0	771.7699999999999;-1190.0
771.7699999999999;-1190.0	697.8800000000001;-1173.2
697.8800000000001;-1173.2	626.33;-1145.6
626.33;-1145.6	603.0;-1134.0
603.0;-1134.0	541.8;-1095.81
541.8;-1095.81	502.20000000000005;-1055.6399999999999
502.20000000000005;-1055.6399999999999	484.2;-1013.49
484.2;-1013.49	483.0;-999.0
483.0;-999.0	486.28499999999997;-977.4149999999998
486.28499999999997;-977.4149999999998	496.14;-958.26
496.14;-958.26	512.5649999999999;-941.535
512.5649999999999;-941.535	519.5;-936.5
519.5;-936.5	544.685;-923.1049999999999
544.685;-923.1049999999999	576.44;-912.3199999999999
576.44;-912.3199999999999	614.765;-904.145
614.765;-904.145	629.0;-902.0
629.0;-902.0	705.71;-897.7999999999998
705.71;-897.7999999999998	782.24;-893.5999999999999
782.24;-893.5999999999999	858.5899999999999;-889.4
858.5899999999999;-889.4	884.0;-888.0
884.0;-888.0	1008.8299999999999;-869.6099999999999
1008.8299999999999;-869.6099999999999	1116.92;-834.8400000000001
1116.92;-834.8400000000001	1208.27;-783.69
1208.27;-783.69	1235.0;-763.0
1235.0;-763.0	1307.42;-682.7199999999999
1307.42;-682.7199999999999	1354.28;-585.88
1354.28;-585.88	1375.58;-472.48
1375.58;-472.48	1377.0;-431.0
1377.0;-431.0	1350.54;-287.45
1350.54;-287.45	1271.1599999999999;-166.4
1271.1599999999999;-166.4	1138.8600000000001;-67.85000000000002
1138.8600000000001;-67.85000000000002	1083.0;-40.0
1083.0;-40.0	942.8399999999999;11.51
942.8399999999999;11.51	791.1600000000001;44.839999999999996
791.1600000000001;44.839999999999996	627.96;59.989999999999995
627.96;59.989999999999995	571.0;61.0
571.0;61.0	571.0;61.0
Z
>a
M
965.0;66.0	932.54;56.99999999999999
932.54;56.99999999999999	890.3599999999999;30.0
890.3599999999999;30.0	838.46;-14.999999999999986
838.46;-14.999999999999986	819.0;-34.0
819.0;-34.0	765.7799999999999;-9.534999999999997
765.7799999999999;-9.534999999999997	716.52;11.059999999999999
716.52;11.059999999999999	671.22;27.784999999999997
671.22;27.784999999999997	657.0;32.5
657.0;32.5	616.8899999999999;43.974999999999994
616.8899999999999;43.974999999999994	580.56;51.400000000000006
580.56;51.400000000000006	548.01;54.775
548.01;54.775	538.0;55.0
538.0;55.0	404.24499999999995;43.39
404.24499999999995;43.39	292.18;8.560000000000002
292.18;8.560000000000002	201.805;-49.48999999999998
201.805;-49.48999999999998	176.5;-74.0
176.5;-74.0	115.04499999999999;-162.92
115.04499999999999;-162.92	75.28;-274.88
75.28;-274.88	57.205;-409.87999999999994
57.205;-409.87999999999994	56.0;-460.0
56.0;-460.0	72.02;-598.3449999999999
72.02;-598.3449999999999	120.08;-724.18
120.08;-724.18	200.17999999999998;-837.505
200.17999999999998;-837.505	234.0;-872.5
234.0;-872.5	347.09999999999997;-959.9649999999999
347.09999999999997;-959.9649999999999	472.79999999999995;-1016.56
472.79999999999995;-1016.56	611.0999999999999;-1042.285
611.0999999999999;-1042.285	660.0;-1044.0
660.0;-1044.0	719.7;-1039.1399999999999
719.7;-1039.1399999999999	784.8;-1024.56
784.8;-1024.56	855.3;-1000.26
855.3;-1000.26	880.0;-990.0
880.0;-990.0	957.0099999999999;-949.1099999999999
957.0099999999999;-949.1099999999999	1006.84;-904.44
1006.84;-904.44	1029.49;-855.9899999999999
1029.49;-855.9899999999999	1031.0;-839.0
1031.0;-839.0	1028.9299999999998;-818.2099999999999
1028.9299999999998;-818.2099999999999	1022.72;-799.0400000000001
1022.72;-799.0400000000001	1012.3699999999999;-781.49
1012.3699999999999;-781.49	1008.0;-776.0
1008.0;-776.0	1002.405;-750.1549999999999
1002.405;-750.1549999999999	997.6199999999999;-720.62
997.6199999999999;-720.62	993.645;-687.395
993.645;-687.395	992.5;-675.5
992.5;-675.5	989.6949999999999;-637.3549999999999
989.6949999999999;-637.3549999999999	987.8800000000001;-595.52
987.8800000000001;-595.52	987.055;-549.995
987.055;-549.995	987.0;-534.0
987.0;-534.0	989.4299999999998;-429.03
989.4299999999998;-429.03	996.72;-343.32
996.72;-343.32	1008.8699999999999;-276.87
1008.8699999999999;-276.87	1014.0;-259.0
1014.0;-259.0	1019.4;-245.85999999999996
1019.4;-245.85999999999996	1032.0;-217.24
1032.0;-217.24	1051.8;-173.14000000000001
1051.8;-173.14000000000001	1060.0;-155.0
1060.0;-155.0	1079.89;-110.05999999999999
1079.89;-110.05999999999999	1092.76;-78.44
1092.76;-78.44	1098.61;-60.14
1098.61;-60.14	1099.0;-57.0
1099.0;-57.0	1095.355;-26.819999999999997
1095.355;-26.819999999999997	1084.42;0.11999999999999922
1084.42;0.11999999999999922	1066.195;23.819999999999993
1066.195;23.819999999999993	1058.5;31.0
1058.5;31.0	1033.0749999999998;48.849999999999994
1033.0749999999998;48.849999999999994	1005.4;60.4
1005.4;60.4	975.475;65.64999999999999
975.475;65.64999999999999	965.0;66.0
965.0;66.0	965.0;66.0
Z
M
717.0;-620.0	717.405;-640.0549999999998
717.405;-640.0549999999998	718.62;-661.8199999999999
718.62;-661.8199999999999	720.645;-685.295
720.645;-685.295	721.5;-693.5
721.5;-693.5	724.6049999999999;-719.2549999999999
724.6049999999999;-719.2549999999999	728.52;-746.72
728.52;-746.72	733.245;-775.895
733.245;-775.895	735.0;-786.0
735.0;-786.0	723.4050000000001;-791.5049999999999
723.4050000000001;-791.5049999999999	712.62;-796.02
712.62;-796.02	702.645;-799.545
702.645;-799.545	699.5;-800.5
699.5;-800.5	690.6049999999999;-802.795
690.6049999999999;-802.795	682.52;-804.28
682.52;-804.28	675.245;-804.9549999999999
675.245;-804.9549999999999	673.0;-805.0
673.0;-805.0	594.4599999999999;-795.415
594.4599999999999;-795.415	522.04;-766.6600000000001
522.04;-766.6600000000001	455.74;-718.735
455.74;-718.735	435.0;-698.5
435.0;-698.5	382.98;-631.5849999999999
382.98;-631.5849999999999	349.32;-558.64
349.32;-558.64	334.02;-479.665
334.02;-479.665	333.0;-452.0
333.0;-452.0	337.32;-377.585
337.32;-377.585	350.28;-315.14
350.28;-315.14	371.88;-264.665
371.88;-264.665	381.0;-250.5
381.0;-250.5	414.12;-216.075
414.12;-216.075	455.88;-193.8
455.88;-193.8	506.28;-183.67499999999998
506.28;-183.67499999999998	525.0;-183.0
525.0;-183.0	561.615;-184.84499999999997
561.615;-184.84499999999997	597.06;-190.38
597.06;-190.38	631.3349999999999;-199.60500000000002
631.3349999999999;-199.60500000000002	642.5;-203.5
642.5;-203.5	675.2149999999999;-217.55499999999998
675.2149999999999;-217.55499999999998	706.76;-235.12
706.76;-235.12	737.135;-256.195
737.135;-256.195	747.0;-264.0
747.0;-264.0	731.6999999999999;-396.0
731.6999999999999;-396.0	721.8;-506.4
721.8;-506.4	717.3;-595.1999999999999
717.3;-595.1999999999999	717.0;-620.0
717.0;-620.0	717.0;-620.0
Z
>d
M
834.0;-1005.0	842.25;-1190.61
842.25;-1190.61	851.4;-1338.24
851.4;-1338.24	861.45;-1447.8899999999999
861.45;-1447.8899999999999	865.0;-1476.0
865.0;-1476.0	883.8399999999999;-1536.1799999999998
883.8399999999999;-1536.1799999999998	919.96;-1575.1200000000001
919.96;-1575.1200000000001	973.3599999999999;-1592.82
973.3599999999999;-1592.82	995.0;-1594.0
995.0;-1594.0	1028.33;-1590.58
1028.33;-1590.58	1057.52;-1580.3200000000002
1057.52;-1580.3200000000002	1082.57;-1563.2199999999998
1082.57;-1563.2199999999998	1090.0;-1556.0
1090.0;-1556.0	1108.36;-1531.67
1108.36;-1531.67	1120.24;-1504.28
1120.24;-1504.28	1125.6399999999999;-1473.83
1125.6399999999999;-1473.83	1126.0;-1463.0
1126.0;-1463.0	1123.975;-1363.2199999999998
1123.975;-1363.2199999999998	1117.9;-1237.88
1117.9;-1237.88	1107.775;-1086.98
1107.775;-1086.98	1103.5;-1031.0
1103.5;-1031.0	1092.0249999999999;-871.5799999999998
1092.0249999999999;-871.5799999999998	1084.6;-737.72
1084.6;-737.72	1081.225;-629.4200000000001
1081.225;-629.4200000000001	1081.0;-599.0
1081.0;-599.0	1083.07;-407.6599999999999
1083.07;-407.6599999999999	1089.28;-258.44
1089.28;-258.44	1099.6299999999999;-151.34000000000003
1099.6299999999999;-151.34000000000003	1104.0;-125.0
1104.0;-125.0	1105.5299999999997;-115.67
1105.5299999999997;-115.67	1106.52;-106.88000000000001
1106.52;-106.88000000000001	1106.97;-98.63000000000001
1106.97;-98.63000000000001	1107.0;-96.0
1107.0;-96.0	1103.3999999999999;-64.755
1103.3999999999999;-64.755	1092.6;-37.02
1092.6;-37.02	1074.6;-12.795000000000005
1074.6;-12.795000000000005	1067.0;-5.5
1067.0;-5.5	1041.83;12.604999999999999
1041.83;12.604999999999999	1014.32;24.319999999999997
1014.32;24.319999999999997	984.47;29.644999999999996
984.47;29.644999999999996	974.0;30.0
974.0;30.0	933.02;24.06
933.02;24.06	898.88;6.24
898.88;6.24	871.5799999999999;-23.459999999999987
871.5799999999999;-23.459999999999987	864.0;-36.0
864.0;-36.0	822.75;-13.244999999999997
822.75;-13.244999999999997	780.6;5.8199999999999985
780.6;5.8199999999999985	737.55;21.194999999999993
737.55;21.194999999999993	723.0;25.5
723.0;25.5	678.75;35.955
678.75;35.955	633.6;42.72
633.6;42.72	587.55;45.795
587.55;45.795	572.0;46.0
572.0;46.0	444.43999999999994;33.129999999999995
444.43999999999994;33.129999999999995	330.56;-5.480000000000004
330.56;-5.480000000000004	230.36;-69.82999999999997
230.36;-69.82999999999997	200.0;-97.0
200.0;-97.0	122.98999999999998;-191.8
122.98999999999998;-191.8	73.16000000000001;-301.0
73.16000000000001;-301.0	50.51;-424.59999999999997
50.51;-424.59999999999997	49.0;-469.0
49.0;-469.0	62.67999999999999;-621.085
62.67999999999999;-621.085	103.72;-754.54
103.72;-754.54	172.11999999999998;-869.3649999999999
172.11999999999998;-869.3649999999999	201.0;-903.5
201.0;-903.5	300.57;-987.905
300.57;-987.905	416.88;-1042.52
416.88;-1042.52	549.93;-1067.345
549.93;-1067.345	598.0;-1069.0
598.0;-1069.0	641.56;-1067.56
641.56;-1067.56	682.24;-1063.24
682.24;-1063.24	720.04;-1056.04
720.04;-1056.04	732.0;-1053.0
732.0;-1053.0	765.9599999999998;-1041.9599999999998
765.9599999999998;-1041.9599999999998	797.04;-1028.04
797.04;-1028.04	825.24;-1011.24
825.24;-1011.24	834.0;-1005.0
834.0;-1005.0	834.0;-1005.0
Z
M
814.0;-690.0	792.3999999999999;-724.9199999999998
792.3999999999999;-724.9199999999998	767.2;-754.08
767.2;-754.08	738.4;-777.48
738.4;-777.48	728.0;-784.0
728.0;-784.0	694.4;-799.8100000000001
694.4;-799.8100000000001	657.2;-810.04
657.2;-810.04	616.4;-814.6899999999999
616.4;-814.6899999999999	602.0;-815.0
602.0;-815.0	519.86;-807.305
519.86;-807.305	451.03999999999996;-784.22
451.03999999999996;-784.22	395.54;-745.745
395.54;-745.745	380.0;-729.5
380.0;-729.5	342.26;-670.505
342.26;-670.505	317.84000000000003;-596.12
317.84000000000003;-596.12	306.74;-506.345
306.74;-506.345	306.0;-473.0
306.0;-473.0	313.19999999999993;-410.98999999999995
313.19999999999993;-410.98999999999995	334.8;-354.56
334.8;-354.56	370.79999999999995;-303.71
370.79999999999995;-303.71	386.0;-288.0
386.0;-288.0	436.34000000000003;-248.72999999999996
436.34000000000003;-248.72999999999996	491.36;-223.32
491.36;-223.32	551.06;-211.76999999999998
551.06;-211.76999999999998	572.0;-211.0
572.0;-211.0	614.8699999999999;-212.62
614.8699999999999;-212.62	651.08;-217.48000000000002
651.08;-217.48000000000002	680.63;-225.57999999999998
680.63;-225.57999999999998	689.0;-229.0
689.0;-229.0	708.6199999999999;-239.79999999999998
708.6199999999999;-239.79999999999998	735.0799999999999;-257.79999999999995
735.0799999999999;-257.79999999999995	768.38;-283.0
768.38;-283.0	781.0;-293.0
781.0;-293.0	791.1099999999999;-301.67
791.1099999999999;-301.67	801.04;-310.88
801.04;-310.88	810.79;-320.63
810.79;-320.63	814.0;-324.0
814.0;-324.0	813.1599999999999;-377.1
813.1599999999999;-377.1	813.04;-478.79999999999995
813.04;-478.79999999999995	813.6400000000001;-629.0999999999999
813.6400000000001;-629.0999999999999	814.0;-690.0
814.0;-690.0	814.0;-690.0
Z
>s
M
806.0;-732.0	753.7099999999999;-739.4699999999999
753.7099999999999;-739.4699999999999	715.6400000000001;-761.88
715.6400000000001;-761.88	691.79;-799.23
691.79;-799.23	687.0;-815.0
687.0;-815.0	662.8199999999999;-818.5699999999999
662.8199999999999;-818.5699999999999	638.28;-820.8800000000001
638.28;-820.8800000000001	613.38;-821.93
613.38;-821.93	605.0;-822.0
605.0;-822.0	482.09;-816.06
482.09;-816.06	402.56000000000006;-798.24
402.56000000000006;-798.24	366.40999999999997;-768.5400000000001
366.40999999999997;-768.5400000000001	364.0;-756.0
364.0;-756.0	377.05;-730.17
377.05;-730.17	416.2;-699.48
416.2;-699.48	481.44999999999993;-663.9300000000001
481.44999999999993;-663.9300000000001	509.0;-651.0
509.0;-651.0	616.2799999999999;-599.9999999999999
616.2799999999999;-599.9999999999999	700.52;-556.2
700.52;-556.2	761.72;-519.6
761.72;-519.6	777.0;-509.0
777.0;-509.0	850.95;-443.57
850.95;-443.57	898.8;-373.28000000000003
898.8;-373.28000000000003	920.55;-298.13
920.55;-298.13	922.0;-272.0
922.0;-272.0	907.6;-176.26999999999998
907.6;-176.26999999999998	864.4000000000001;-95.48
864.4000000000001;-95.48	792.4000000000001;-29.630000000000017
792.4000000000001;-29.630000000000017	762.0;-11.0
762.0;-11.0	679.29;25.209999999999997
679.29;25.209999999999997	585.96;48.63999999999999
585.96;48.63999999999999	482.01000000000005;59.28999999999999
482.01000000000005;59.28999999999999	445.0;60.0
445.0;60.0	367.27;56.309999999999995
367.27;56.309999999999995	293.68;45.239999999999995
293.68;45.239999999999995	224.23000000000002;26.790000000000006
224.23000000000002;26.790000000000006	202.0;19.0
202.0;19.0	125.5;-19.369999999999997
125.5;-19.369999999999997	76.0;-67.27999999999999
76.0;-67.27999999999999	53.5;-124.72999999999998
53.5;-124.72999999999998	52.0;-146.0
52.0;-146.0	62.709999999999994;-197.0
62.709999999999994;-197.0	94.84;-230.0
94.84;-230.0	148.38999999999996;-245.0
148.38999999999996;-245.0	171.0;-246.0
171.0;-246.0	202.29000000000002;-243.38999999999996
202.29000000000002;-243.38999999999996	240.96;-235.56
240.96;-235.56	287.01;-222.51
287.01;-222.51	304.0;-217.0
304.0;-217.0	352.59999999999997;-202.20999999999995
352.59999999999997;-202.20999999999995	394.0;-192.64
394.0;-192.64	428.2;-188.29
428.2;-188.29	438.0;-188.0
438.0;-188.0	541.6199999999999;-195.38
541.6199999999999;-195.38	608.88;-217.51999999999998
608.88;-217.51999999999998	639.78;-254.42
639.78;-254.42	642.0;-270.0
642.0;-270.0	629.3100000000001;-301.59000000000003
629.3100000000001;-301.59000000000003	591.24;-335.15999999999997
591.24;-335.15999999999997	527.79;-370.71000000000004
527.79;-370.71000000000004	501.0;-383.0
501.0;-383.0	390.71999999999997;-433.01
390.71999999999997;-433.01	307.08;-473.84000000000003
307.08;-473.84000000000003	250.08;-505.49
250.08;-505.49	237.0;-514.0
237.0;-514.0	165.08999999999997;-577.27
165.08999999999997;-577.27	118.56;-648.28
118.56;-648.28	97.41000000000001;-727.03
97.41000000000001;-727.03	96.0;-755.0
96.0;-755.0	115.16999999999999;-863.81
115.16999999999999;-863.81	172.68;-949.0400000000001
172.68;-949.0400000000001	268.53;-1010.6899999999999
268.53;-1010.6899999999999	309.0;-1026.0
309.0;-1026.0	395.69999999999993;-1046.9099999999999
395.69999999999993;-1046.9099999999999	505.79999999999995;-1060.44
505.79999999999995;-1060.44	639.3;-1066.5900000000001
639.3;-1066.5900000000001	689.0;-1067.0
689.0;-1067.0	744.32;-1064.6599999999999
744.32;-1064.6599999999999	790.28;-1057.6399999999999
790.28;-1057.6399999999999	826.88;-1045.94
826.88;-1045.94	837.0;-1041.0
837.0;-1041.0	870.6599999999999;-1014.6899999999999
870.6599999999999;-1014.6899999999999	892.44;-977.76
892.44;-977.76	902.3399999999999;-930.2099999999999
902.3399999999999;-930.2099999999999	903.0;-912.0
903.0;-912.0	894.2699999999999;-820.1999999999999
894.2699999999999;-820.1999999999999	868.08;-760.8
868.08;-760.8	824.4300000000001;-733.8
824.4300000000001;-733.8	806.0;-732.0
806.0;-732.0	806.0;-732.0
Z
