>A
M
937.0;-454.0	412.0;-454.0
412.0;-454.0	320.0;-240.0
320.0;-240.0	302.65999999999997;-196.19999999999996
302.65999999999997;-196.19999999999996	291.44;-159.60000000000002
291.44;-159.60000000000002	286.34;-130.20000000000002
286.34;-130.20000000000002	286.0;-122.0
286.0;-122.0	288.655;-104.075
288.655;-104.075	296.62;-87.5
296.62;-87.5	309.895;-72.275
309.895;-72.275	315.5;-67.5
315.5;-67.5	339.365;-54.88499999999999
339.365;-54.88499999999999	375.56;-45.24
375.56;-45.24	424.085;-38.565000000000005
424.085;-38.565000000000005	443.0;-37.0
443.0;-37.0	443.0;-0.0
443.0;-0.0	16.0;-0.0
16.0;-0.0	16.0;-37.0
16.0;-37.0	61.599999999999994;-46.81
61.599999999999994;-46.81	96.4;-58.24
96.4;-58.24	120.39999999999999;-71.28999999999999
120.39999999999999;-71.28999999999999	126.0;-76.0
126.0;-76.0	157.58999999999997;-113.71
157.58999999999997;-113.71	191.16;-169.24
191.16;-169.24	226.70999999999998;-242.58999999999997
226.70999999999998;-242.58999999999997	239.0;-271.0
239.0;-271.0	716.0;-1387.0
716.0;-1387.0	751.0;-1387.0
751.0;-1387.0	1223.0;-259.0
1223.0;-259.0	1256.2549999999999;-185.995
1256.2549999999999;-185.995	1287.62;-130.18
1287.62;-130.18	1317.0949999999998;-91.555
1317.0949999999998;-91.555	1326.5;-82.5
1326.5;-82.5	1357.685;-61.394999999999996
1357.685;-61.394999999999996	1395.44;-46.68
1395.44;-46.68	1439.7649999999999;-38.355000000000004
1439.7649999999999;-38.355000000000004	1456.0;-37.0
1456.0;-37.0	1456.0;-0.0
1456.0;-0.0	921.0;-0.0
921.0;-0.0	921.0;-37.0
921.0;-37.0	964.8749999999999;-41.10999999999999
964.8749999999999;-41.10999999999999	999.3;-48.64
999.3;-48.64	1024.2749999999999;-59.589999999999996
1024.2749999999999;-59.589999999999996	1030.5;-64.0
1030.5;-64.0	1045.0349999999999;-78.69999999999999
1045.0349999999999;-78.69999999999999	1054.44;-95.19999999999999
1054.44;-95.19999999999999	1058.715;-113.49999999999999
1058.715;-113.49999999999999	1059.0;-120.0
1059.0;-120.0	1055.3999999999999;-150.98999999999998
1055.3999999999999;-150.98999999999998	1044.6;-191.16
1044.6;-191.16	1026.6000000000001;-240.51
1026.6000000000001;-240.51	1019.0;-259.0
1019.0;-259.0	937.0;-454.0
Z
M
909.0;-528.0	679.0;-1076.0
679.0;-1076.0	443.0;-528.0
443.0;-528.0	909.0;-528.0
909.0;-528.0	909.0;-528.0
Z
>N
M
-27.0;-1356.0	341.0;-1356.0
341.0;-1356.0	1170.0;-339.0
1170.0;-339.0	1170.0;-1121.0
1170.0;-1121.0	1167.4799999999998;-1187.54
1167.4799999999998;-1187.54	1159.92;-1237.1599999999999
1159.92;-1237.1599999999999	1147.32;-1269.8600000000001
1147.32;-1269.8600000000001	1142.0;-1277.0
1142.0;-1277.0	1115.9299999999998;-1298.42
1115.9299999999998;-1298.42	1082.12;-1312.28
1082.12;-1312.28	1040.57;-1318.5800000000002
1040.57;-1318.5800000000002	1025.0;-1319.0
1025.0;-1319.0	978.0;-1319.0
978.0;-1319.0	978.0;-1356.0
978.0;-1356.0	1450.0;-1356.0
1450.0;-1356.0	1450.0;-1319.0
1450.0;-1319.0	1402.0;-1319.0
1402.0;-1319.0	1354.8999999999999;-1314.32
1354.8999999999999;-1314.32	1316.8;-1300.2800000000002
1316.8;-1300.2800000000002	1287.6999999999998;-1276.8799999999999
1287.6999999999998;-1276.8799999999999	1280.0;-1267.0
1280.0;-1267.0	1268.78;-1240.4199999999998
1268.78;-1240.4199999999998	1261.52;-1199.08
1261.52;-1199.08	1258.22;-1142.98
1258.22;-1142.98	1258.0;-1121.0
1258.0;-1121.0	1258.0;22.0
1258.0;22.0	1222.0;22.0
1222.0;22.0	328.0;-1070.0
328.0;-1070.0	328.0;-235.0
328.0;-235.0	330.42999999999995;-168.45999999999998
330.42999999999995;-168.45999999999998	337.72;-118.84
337.72;-118.84	349.87;-86.14000000000001
349.87;-86.14000000000001	355.0;-79.0
355.0;-79.0	381.49;-57.57999999999999
381.49;-57.57999999999999	415.36;-43.72
415.36;-43.72	456.61;-37.42
456.61;-37.42	472.0;-37.0
472.0;-37.0	520.0;-37.0
520.0;-37.0	520.0;-0.0
520.0;-0.0	48.0;-0.0
48.0;-0.0	48.0;-37.0
48.0;-37.0	95.0;-37.0
95.0;-37.0	142.60999999999999;-41.68
142.60999999999999;-41.68	181.04000000000002;-55.72
181.04000000000002;-55.72	210.29;-79.11999999999999
210.29;-79.11999999999999	218.0;-89.0
218.0;-89.0	229.21999999999997;-115.57999999999998
229.21999999999997;-115.57999999999998	236.47999999999996;-156.92
236.47999999999996;-156.92	239.77999999999997;-213.01999999999998
239.77999999999997;-213.01999999999998	240.0;-235.0
240.0;-235.0	240.0;-1178.0
240.0;-1178.0	207.16499999999996;-1215.17
207.16499999999996;-1215.17	179.46;-1243.8799999999999
179.46;-1243.8799999999999	156.885;-1264.13
156.885;-1264.13	150.5;-1269.0
150.5;-1269.0	129.635;-1281.93
129.635;-1281.93	103.64000000000001;-1294.32
103.64000000000001;-1294.32	72.51500000000001;-1306.1699999999998
72.51500000000001;-1306.1699999999998	61.0;-1310.0
61.0;-1310.0	40.9;-1314.59
40.9;-1314.59	15.400000000000002;-1317.56
15.400000000000002;-1317.56	-15.49999999999999;-1318.91
-15.49999999999999;-1318.91	-27.0;-1319.0
-27.0;-1319.0	-27.0;-1356.0
-27.0;-1356.0	-27.0;-1356.0
Z
>R
M
1384.0;-0.0	1022.0;-0.0
1022.0;-0.0	563.0;-634.0
563.0;-634.0	534.11;-632.9799999999999
534.11;-632.9799999999999	508.64;-632.32
508.64;-632.32	486.59;-632.02
486.59;-632.02	480.0;-632.0
480.0;-632.0	472.0199999999999;-632.0449999999998
472.0199999999999;-632.0449999999998	463.68000000000006;-632.1800000000001
463.68000000000006;-632.1800000000001	454.98;-632.405
454.98;-632.405	452.0;-632.5
452.0;-632.5	442.90999999999997;-632.8449999999999
442.90999999999997;-632.8449999999999	433.64;-633.28
433.64;-633.28	424.19;-633.805
424.19;-633.805	421.0;-634.0
421.0;-634.0	421.0;-240.0
421.0;-240.0	423.52;-171.92999999999998
423.52;-171.92999999999998	431.08;-121.32
431.08;-121.32	443.68;-88.17
443.68;-88.17	449.0;-81.0
449.0;-81.0	475.21999999999997;-58.559999999999995
475.21999999999997;-58.559999999999995	508.28;-44.04
508.28;-44.04	548.18;-37.44
548.18;-37.44	563.0;-37.0
563.0;-37.0	616.0;-37.0
616.0;-37.0	616.0;-0.0
616.0;-0.0	35.0;-0.0
35.0;-0.0	35.0;-37.0
35.0;-37.0	86.0;-37.0
86.0;-37.0	133.19;-42.04
133.19;-42.04	171.56;-57.16
171.56;-57.16	201.10999999999999;-82.35999999999999
201.10999999999999;-82.35999999999999	209.0;-93.0
209.0;-93.0	219.70999999999998;-119.24999999999999
219.70999999999998;-119.24999999999999	226.64;-160.8
226.64;-160.8	229.79;-217.64999999999998
229.79;-217.64999999999998	230.0;-240.0
230.0;-240.0	230.0;-1116.0
230.0;-1116.0	227.48;-1184.07
227.48;-1184.07	219.92;-1234.68
219.92;-1234.68	207.32;-1267.83
207.32;-1267.83	202.0;-1275.0
202.0;-1275.0	175.18;-1297.44
175.18;-1297.44	141.52;-1311.96
141.52;-1311.96	101.02000000000001;-1318.5600000000002
101.02000000000001;-1318.5600000000002	86.0;-1319.0
86.0;-1319.0	35.0;-1319.0
35.0;-1319.0	35.0;-1356.0
35.0;-1356.0	529.0;-1356.0
529.0;-1356.0	648.3849999999999;-1353.165
648.3849999999999;-1353.165	747.3399999999999;-1344.66
747.3399999999999;-1344.66	825.865;-1330.4850000000001
825.865;-1330.4850000000001	847.5;-1324.5
847.5;-1324.5	906.2099999999998;-1300.83
906.2099999999998;-1300.83	959.34;-1267.6200000000001
959.34;-1267.6200000000001	1006.89;-1224.87
1006.89;-1224.87	1021.5;-1208.5
1021.5;-1208.5	1057.965;-1154.875
1057.965;-1154.875	1081.56;-1095.4
1081.56;-1095.4	1092.2849999999999;-1030.075
1092.2849999999999;-1030.075	1093.0;-1007.0
1093.0;-1007.0	1085.665;-934.9699999999999
1085.665;-934.9699999999999	1063.6599999999999;-868.88
1063.6599999999999;-868.88	1026.985;-808.73
1026.985;-808.73	1011.5;-790.0
1011.5;-790.0	954.5449999999998;-739.66
954.5449999999998;-739.66	881.48;-699.04
881.48;-699.04	792.305;-668.14
792.305;-668.14	759.0;-660.0
759.0;-660.0	1039.0;-271.0
1039.0;-271.0	1094.1699999999998;-198.7
1094.1699999999998;-198.7	1144.48;-142.6
1144.48;-142.6	1189.9299999999998;-102.7
1189.9299999999998;-102.7	1204.0;-93.0
1204.0;-93.0	1249.1799999999998;-69.47999999999999
1249.1799999999998;-69.47999999999999	1301.92;-51.720000000000006
1301.92;-51.720000000000006	1362.2199999999998;-39.72
1362.2199999999998;-39.72	1384.0;-37.0
1384.0;-37.0	1384.0;-0.0
1384.0;-0.0	1384.0;-0.0
Z
M
421.0;-697.0	431.94999999999993;-696.9549999999999
431.94999999999993;-696.9549999999999	442.0;-696.82
442.0;-696.82	451.15;-696.5949999999999
451.15;-696.5949999999999	454.0;-696.5
454.0;-696.5	461.95;-696.245
461.95;-696.245	469.0;-696.0799999999999
469.0;-696.0799999999999	475.15000000000003;-696.005
475.15000000000003;-696.005	477.0;-696.0
477.0;-696.0	584.805;-703.56
584.805;-703.56	675.42;-726.24
675.42;-726.24	748.8449999999999;-764.04
748.8449999999999;-764.04	769.5;-780.0
769.5;-780.0	819.735;-834.54
819.735;-834.54	852.24;-897.3599999999999
852.24;-897.3599999999999	867.015;-968.46
867.015;-968.46	868.0;-994.0
868.0;-994.0	860.8449999999999;-1065.925
860.8449999999999;-1065.925	839.38;-1129.3
839.38;-1129.3	803.605;-1184.125
803.605;-1184.125	788.5;-1200.5
788.5;-1200.5	736.165;-1241.0449999999998
736.165;-1241.0449999999998	674.56;-1267.28
674.56;-1267.28	603.685;-1279.205
603.685;-1279.205	578.0;-1280.0
578.0;-1280.0	539.51;-1278.29
539.51;-1278.29	493.64000000000004;-1273.16
493.64000000000004;-1273.16	440.39;-1264.61
440.39;-1264.61	421.0;-1261.0
421.0;-1261.0	421.0;-697.0
421.0;-697.0	421.0;-697.0
Z
>T
M
1185.0;-1356.0	1200.0;-1038.0
1200.0;-1038.0	1162.0;-1038.0
1162.0;-1038.0	1154.6799999999998;-1084.08
1154.6799999999998;-1084.08	1145.92;-1121.52
1145.92;-1121.52	1135.72;-1150.32
1135.72;-1150.32	1132.0;-1158.0
1132.0;-1158.0	1111.5549999999998;-1190.0549999999998
1111.5549999999998;-1190.0549999999998	1087.42;-1216.62
1087.42;-1216.62	1059.595;-1237.695
1059.595;-1237.695	1049.5;-1243.5
1049.5;-1243.5	1015.6749999999998;-1257.5249999999999
1015.6749999999998;-1257.5249999999999	976.0;-1266.6
976.0;-1266.6	930.4749999999999;-1270.725
930.4749999999999;-1270.725	914.0;-1271.0
914.0;-1271.0	723.0;-1271.0
723.0;-1271.0	723.0;-235.0
723.0;-235.0	725.43;-168.45999999999998
725.43;-168.45999999999998	732.72;-118.84
732.72;-118.84	744.87;-86.14000000000001
744.87;-86.14000000000001	750.0;-79.0
750.0;-79.0	776.4899999999999;-57.57999999999999
776.4899999999999;-57.57999999999999	810.36;-43.72
810.36;-43.72	851.61;-37.42
851.61;-37.42	867.0;-37.0
867.0;-37.0	914.0;-37.0
914.0;-37.0	914.0;-0.0
914.0;-0.0	339.0;-0.0
339.0;-0.0	339.0;-37.0
339.0;-37.0	387.0;-37.0
387.0;-37.0	434.09999999999997;-41.68
434.09999999999997;-41.68	472.19999999999993;-55.72
472.19999999999993;-55.72	501.29999999999995;-79.11999999999999
501.29999999999995;-79.11999999999999	509.0;-89.0
509.0;-89.0	520.2199999999999;-115.57999999999998
520.2199999999999;-115.57999999999998	527.48;-156.92
527.48;-156.92	530.78;-213.01999999999998
530.78;-213.01999999999998	531.0;-235.0
531.0;-235.0	531.0;-1271.0
531.0;-1271.0	368.0;-1271.0
368.0;-1271.0	315.94999999999993;-1269.7399999999998
315.94999999999993;-1269.7399999999998	273.8;-1265.96
273.8;-1265.96	241.55;-1259.6599999999999
241.55;-1259.6599999999999	233.0;-1257.0
233.0;-1257.0	203.15;-1242.4499999999998
203.15;-1242.4499999999998	176.0;-1221.6
176.0;-1221.6	151.55;-1194.45
151.55;-1194.45	144.0;-1184.0
144.0;-1184.0	124.49999999999999;-1148.18
124.49999999999999;-1148.18	110.4;-1105.52
110.4;-1105.52	101.7;-1056.02
101.7;-1056.02	100.0;-1038.0
100.0;-1038.0	62.0;-1038.0
62.0;-1038.0	78.0;-1356.0
78.0;-1356.0	1185.0;-1356.0
1185.0;-1356.0	1185.0;-1356.0
Z
>a
M
583.0;-132.0	507.84999999999997;-74.88
507.84999999999997;-74.88	451.6;-34.32000000000001
451.6;-34.32000000000001	414.25;-10.320000000000004
414.25;-10.320000000000004	406.0;-6.0
406.0;-6.0	372.96999999999997;6.75
372.96999999999997;6.75	338.67999999999995;14.999999999999998
338.67999999999995;14.999999999999998	303.13;18.75
303.13;18.75	291.0;19.0
291.0;19.0	237.01499999999996;13.149999999999999
237.01499999999996;13.149999999999999	189.06;-4.399999999999999
189.06;-4.399999999999999	147.135;-33.64999999999999
147.135;-33.64999999999999	134.5;-46.0
134.5;-46.0	103.13499999999998;-88.69
103.13499999999998;-88.69	82.84;-138.76
82.84;-138.76	73.615;-196.20999999999998
73.615;-196.20999999999998	73.0;-217.0
73.0;-217.0	75.69999999999999;-255.57999999999998
75.69999999999999;-255.57999999999998	83.8;-290.91999999999996
83.8;-290.91999999999996	97.29999999999998;-323.02
97.29999999999998;-323.02	103.0;-333.0
103.0;-333.0	133.045;-373.08
133.045;-373.08	173.98000000000002;-411.72
173.98000000000002;-411.72	225.80499999999998;-448.91999999999996
225.80499999999998;-448.91999999999996	245.5;-461.0
245.5;-461.0	318.505;-499.3399999999999
318.505;-499.3399999999999	415.72;-542.36
415.72;-542.36	537.145;-590.06
537.145;-590.06	583.0;-607.0
583.0;-607.0	583.0;-643.0
583.0;-643.0	579.0849999999999;-717.4599999999998
579.0849999999999;-717.4599999999998	567.34;-776.4399999999999
567.34;-776.4399999999999	547.765;-819.94
547.765;-819.94	539.5;-831.0
539.5;-831.0	509.84499999999997;-857.0099999999999
509.84499999999997;-857.0099999999999	473.08;-873.8399999999999
473.08;-873.8399999999999	429.205;-881.49
429.205;-881.49	413.0;-882.0
413.0;-882.0	377.54;-878.9399999999998
377.54;-878.9399999999998	346.76;-869.76
346.76;-869.76	320.65999999999997;-854.46
320.65999999999997;-854.46	313.0;-848.0
313.0;-848.0	293.62;-826.6999999999998
293.62;-826.6999999999998	281.08000000000004;-803.5999999999999
281.08000000000004;-803.5999999999999	275.38;-778.6999999999999
275.38;-778.6999999999999	275.0;-770.0
275.0;-770.0	277.0;-712.0
277.0;-712.0	274.885;-686.29
274.885;-686.29	268.54;-664.36
268.54;-664.36	257.965;-646.21
257.965;-646.21	253.5;-641.0
253.5;-641.0	238.095;-628.25
238.095;-628.25	220.08;-620.0
220.08;-620.0	199.455;-616.25
199.455;-616.25	192.0;-616.0
192.0;-616.0	171.015;-618.3399999999999
171.015;-618.3399999999999	152.46;-625.36
152.46;-625.36	136.33499999999998;-637.06
136.33499999999998;-637.06	131.5;-642.0
131.5;-642.0	119.51499999999999;-659.31
119.51499999999999;-659.31	111.75999999999999;-680.04
111.75999999999999;-680.04	108.23499999999999;-704.1899999999999
108.23499999999999;-704.1899999999999	108.0;-713.0
108.0;-713.0	115.92;-763.3399999999999
115.92;-763.3399999999999	139.68;-811.1600000000001
139.68;-811.1600000000001	179.27999999999997;-856.46
179.27999999999997;-856.46	196.0;-871.0
196.0;-871.0	255.19;-907.7199999999999
255.19;-907.7199999999999	327.15999999999997;-931.48
327.15999999999997;-931.48	411.90999999999997;-942.28
411.90999999999997;-942.28	443.0;-943.0
443.0;-943.0	512.2399999999999;-939.3099999999998
512.2399999999999;-939.3099999999998	573.56;-928.24
573.56;-928.24	626.96;-909.79
626.96;-909.79	643.0;-902.0
643.0;-902.0	675.6099999999999;-880.25
675.6099999999999;-880.25	702.6400000000001;-852.2
702.6400000000001;-852.2	724.0899999999999;-817.8499999999999
724.0899999999999;-817.8499999999999	730.0;-805.0
730.0;-805.0	739.1799999999998;-771.0999999999999
739.1799999999998;-771.0999999999999	745.1199999999999;-721.0
745.1199999999999;-721.0	747.8199999999999;-654.7
747.8199999999999;-654.7	748.0;-629.0
748.0;-629.0	748.0;-318.0
748.0;-318.0	748.4499999999998;-248.535
748.4499999999998;-248.535	749.8;-197.33999999999997
749.8;-197.33999999999997	752.05;-164.41500000000002
752.05;-164.41500000000002	753.0;-157.5
753.0;-157.5	756.5849999999999;-141.55499999999998
756.5849999999999;-141.55499999999998	761.3399999999999;-129.12
761.3399999999999;-129.12	767.265;-120.19500000000001
767.265;-120.19500000000001	769.5;-118.0
769.5;-118.0	776.7149999999999;-112.89999999999999
776.7149999999999;-112.89999999999999	784.56;-109.6
784.56;-109.6	793.035;-108.1
793.035;-108.1	796.0;-108.0
796.0;-108.0	805.2399999999999;-108.63
805.2399999999999;-108.63	813.76;-110.52000000000001
813.76;-110.52000000000001	821.56;-113.66999999999999
821.56;-113.66999999999999	824.0;-115.0
824.0;-115.0	840.1099999999999;-127.02999999999999
840.1099999999999;-127.02999999999999	863.24;-147.51999999999998
863.24;-147.51999999999998	893.39;-176.47
893.39;-176.47	905.0;-188.0
905.0;-188.0	905.0;-132.0
905.0;-132.0	838.7;-55.49999999999999
838.7;-55.49999999999999	774.2;-6.000000000000004
774.2;-6.000000000000004	711.5;16.499999999999996
711.5;16.499999999999996	691.0;18.0
691.0;18.0	663.4;14.94
663.4;14.94	639.4;5.760000000000002
639.4;5.760000000000002	619.0;-9.539999999999996
619.0;-9.539999999999996	613.0;-16.0
613.0;-16.0	598.12;-40.72
598.12;-40.72	588.28;-74.08
588.28;-74.08	583.48;-116.07999999999998
583.48;-116.07999999999998	583.0;-132.0
583.0;-132.0	583.0;-132.0
Z
M
583.0;-197.0	583.0;-546.0
583.0;-546.0	502.03;-513.15
502.03;-513.15	440.32;-486.6
440.32;-486.6	397.87;-466.34999999999997
397.87;-466.34999999999997	388.0;-461.0
388.0;-461.0	344.65;-434.23999999999995
344.65;-434.23999999999995	309.4;-406.76
309.4;-406.76	282.25;-378.56
282.25;-378.56	275.0;-369.0
275.0;-369.0	257.65999999999997;-339.39
257.65999999999997;-339.39	246.44;-308.15999999999997
246.44;-308.15999999999997	241.33999999999997;-275.31
241.33999999999997;-275.31	241.0;-264.0
241.0;-264.0	244.87;-223.005
244.87;-223.005	256.48;-186.42000000000002
256.48;-186.42000000000002	275.83;-154.245
275.83;-154.245	284.0;-144.5
284.0;-144.5	310.97;-120.27499999999999
310.97;-120.27499999999999	340.28000000000003;-104.60000000000001
340.28000000000003;-104.60000000000001	371.93;-97.475
371.93;-97.475	383.0;-97.0
383.0;-97.0	432.91999999999996;-106.0
432.91999999999996;-106.0	491.48;-133.0
491.48;-133.0	558.68;-177.99999999999997
558.68;-177.99999999999997	583.0;-197.0
583.0;-197.0	583.0;-197.0
Z
>e
M
218.0;-571.0	226.48999999999998;-456.5199999999999
226.48999999999998;-456.5199999999999	253.16000000000003;-357.88
253.16000000000003;-357.88	298.01;-275.08
298.01;-275.08	317.0;-251.0
317.0;-251.0	380.15;-191.83999999999997
380.15;-191.83999999999997	449.6;-153.56
449.6;-153.56	525.3499999999999;-136.16
525.3499999999999;-136.16	552.0;-135.0
552.0;-135.0	603.8849999999999;-139.45499999999998
603.8849999999999;-139.45499999999998	651.54;-152.82
651.54;-152.82	694.9649999999999;-175.09499999999997
694.9649999999999;-175.09499999999997	708.5;-184.5
708.5;-184.5	746.4649999999999;-220.54500000000002
746.4649999999999;-220.54500000000002	780.56;-269.28
780.56;-269.28	810.785;-330.705
810.785;-330.705	820.0;-354.0
820.0;-354.0	851.0;-334.0
851.0;-334.0	831.1999999999999;-254.00499999999997
831.1999999999999;-254.00499999999997	797.0;-178.42
797.0;-178.42	748.4000000000001;-107.245
748.4000000000001;-107.245	729.0;-84.5
729.0;-84.5	663.8100000000001;-27.124999999999996
663.8100000000001;-27.124999999999996	589.44;9.999999999999996
589.44;9.999999999999996	505.89000000000004;26.875
505.89000000000004;26.875	476.0;28.0
476.0;28.0	381.27500000000003;16.434999999999995
381.27500000000003;16.434999999999995	295.1;-18.259999999999998
295.1;-18.259999999999998	217.47500000000002;-76.08499999999998
217.47500000000002;-76.08499999999998	193.5;-100.5
193.5;-100.5	133.575;-185.565
133.575;-185.565	94.8;-286.56
94.8;-286.56	77.175;-403.48499999999996
77.175;-403.48499999999996	76.0;-446.0
76.0;-446.0	86.845;-577.685
86.845;-577.685	119.38;-690.74
119.38;-690.74	173.60499999999996;-785.165
173.60499999999996;-785.165	196.5;-812.5
196.5;-812.5	274.3349999999999;-879.5649999999999
274.3349999999999;-879.5649999999999	363.24;-922.96
363.24;-922.96	463.215;-942.685
463.215;-942.685	499.0;-944.0
499.0;-944.0	586.4499999999999;-934.865
586.4499999999999;-934.865	664.0;-907.46
664.0;-907.46	731.65;-861.785
731.65;-861.785	752.0;-842.5
752.0;-842.5	802.4899999999999;-775.4349999999998
802.4899999999999;-775.4349999999998	835.16;-696.04
835.16;-696.04	850.01;-604.315
850.01;-604.315	851.0;-571.0
851.0;-571.0	218.0;-571.0
218.0;-571.0	218.0;-571.0
Z
M
218.0;-629.0	642.0;-629.0
642.0;-629.0	638.0099999999999;-677.1199999999999
638.0099999999999;-677.1199999999999	632.04;-715.8799999999999
632.04;-715.8799999999999	624.0899999999999;-745.28
624.0899999999999;-745.28	621.0;-753.0
621.0;-753.0	603.7949999999998;-784.44
603.7949999999998;-784.44	582.18;-811.56
582.18;-811.56	556.155;-834.3599999999999
556.155;-834.3599999999999	546.5;-841.0
546.5;-841.0	516.395;-857.3199999999999
516.395;-857.3199999999999	485.48;-867.88
485.48;-867.88	453.755;-872.6800000000001
453.755;-872.6800000000001	443.0;-873.0
443.0;-873.0	394.775;-867.1949999999998
394.775;-867.1949999999998	349.7;-849.78
349.7;-849.78	307.77500000000003;-820.755
307.77500000000003;-820.755	294.5;-808.5
294.5;-808.5	260.10499999999996;-765.255
260.10499999999996;-765.255	235.52000000000004;-712.9200000000001
235.52000000000004;-712.9200000000001	220.745;-651.495
220.745;-651.495	218.0;-629.0
218.0;-629.0	218.0;-629.0
Z
>i
M
297.0;-1422.0	321.075;-1419.345
321.075;-1419.345	342.9;-1411.3799999999999
342.9;-1411.3799999999999	362.475;-1398.105
362.475;-1398.105	368.5;-1392.5
368.5;-1392.5	383.54499999999996;-1373.675
383.54499999999996;-1373.675	393.28;-1352.6000000000001
393.28;-1352.6000000000001	397.705;-1329.275
397.705;-1329.275	398.0;-1321.0
398.0;-1321.0	395.34499999999997;-1296.8799999999999
395.34499999999997;-1296.8799999999999	387.38;-1274.92
387.38;-1274.92	374.105;-1255.1200000000001
374.105;-1255.1200000000001	368.5;-1249.0
368.5;-1249.0	349.67499999999995;-1233.6999999999998
349.67499999999995;-1233.6999999999998	328.6;-1223.8
328.6;-1223.8	305.275;-1219.3
305.275;-1219.3	297.0;-1219.0
297.0;-1219.0	272.88;-1221.7
272.88;-1221.7	250.92000000000002;-1229.8000000000002
250.92000000000002;-1229.8000000000002	231.12;-1243.3
231.12;-1243.3	225.0;-1249.0
225.0;-1249.0	209.7;-1268.08
209.7;-1268.08	199.8;-1289.32
199.8;-1289.32	195.29999999999998;-1312.72
195.29999999999998;-1312.72	195.0;-1321.0
195.0;-1321.0	197.65499999999997;-1345.075
197.65499999999997;-1345.075	205.62;-1366.9
205.62;-1366.9	218.89499999999998;-1386.475
218.89499999999998;-1386.475	224.5;-1392.5
224.5;-1392.5	243.41499999999996;-1407.545
243.41499999999996;-1407.545	264.76;-1417.28
264.76;-1417.28	288.53499999999997;-1421.705
288.53499999999997;-1421.705	297.0;-1422.0
297.0;-1422.0	297.0;-1422.0
Z
M
380.0;-943.0	380.0;-207.0
380.0;-207.0	381.12499999999994;-160.575
381.12499999999994;-160.575	384.5;-124.5
384.5;-124.5	390.125;-98.775
390.125;-98.775	392.5;-92.5
392.5;-92.5	401.0799999999999;-76.705
401.0799999999999;-76.705	411.82000000000005;-63.52
411.82000000000005;-63.52	424.71999999999997;-52.94500000000001
424.71999999999997;-52.94500000000001	429.5;-50.0
429.5;-50.0	447.84499999999997;-42.86
447.84499999999997;-42.86	473.48;-38.24
473.48;-38.24	506.405;-36.14
506.405;-36.14	519.0;-36.0
519.0;-36.0	519.0;-0.0
519.0;-0.0	74.0;-0.0
74.0;-0.0	74.0;-36.0
74.0;-36.0	110.24;-37.17
110.24;-37.17	138.56;-40.68000000000001
138.56;-40.68000000000001	158.96;-46.529999999999994
158.96;-46.529999999999994	164.0;-49.0
164.0;-49.0	176.94499999999996;-58.33
176.94499999999996;-58.33	188.18;-70.72
188.18;-70.72	197.70499999999998;-86.16999999999999
197.70499999999998;-86.16999999999999	200.5;-92.0
200.5;-92.0	207.385;-114.94999999999999
207.385;-114.94999999999999	211.84;-147.8
211.84;-147.8	213.865;-190.54999999999998
213.865;-190.54999999999998	214.0;-207.0
214.0;-207.0	214.0;-560.0
214.0;-560.0	213.18999999999997;-639.9499999999999
213.18999999999997;-639.9499999999999	210.76;-701.0
210.76;-701.0	206.70999999999998;-743.15
206.70999999999998;-743.15	205.0;-753.0
205.0;-753.0	200.07999999999998;-770.4449999999999
200.07999999999998;-770.4449999999999	193.72;-784.38
193.72;-784.38	185.92;-794.8050000000001
185.92;-794.8050000000001	183.0;-797.5
183.0;-797.5	173.01;-803.8749999999999
173.01;-803.8749999999999	161.04;-808.0
161.04;-808.0	147.09;-809.875
147.09;-809.875	142.0;-810.0
142.0;-810.0	124.11999999999998;-808.6499999999999
124.11999999999998;-808.6499999999999	104.08;-804.6000000000001
104.08;-804.6000000000001	81.88000000000001;-797.8499999999999
81.88000000000001;-797.8499999999999	74.0;-795.0
74.0;-795.0	60.0;-831.0
60.0;-831.0	336.0;-943.0
336.0;-943.0	380.0;-943.0
380.0;-943.0	380.0;-943.0
Z
>m
M
336.0;-748.0	388.62;-800.3499999999998
388.62;-800.3499999999998	426.48;-837.4000000000001
426.48;-837.4000000000001	449.5799999999999;-859.15
449.5799999999999;-859.15	454.0;-863.0
454.0;-863.0	481.62999999999994;-884.27
481.62999999999994;-884.27	510.52;-902.48
510.52;-902.48	540.67;-917.63
540.67;-917.63	551.0;-922.0
551.0;-922.0	582.11;-932.7099999999999
582.11;-932.7099999999999	613.04;-939.6400000000001
613.04;-939.6400000000001	643.79;-942.79
643.79;-942.79	654.0;-943.0
654.0;-943.0	703.4399999999999;-938.4999999999999
703.4399999999999;-938.4999999999999	748.56;-925.0
748.56;-925.0	789.36;-902.5
789.36;-902.5	802.0;-893.0
802.0;-893.0	835.5099999999999;-858.9499999999998
835.5099999999999;-858.9499999999998	861.6399999999999;-816.8
861.6399999999999;-816.8	880.3899999999999;-766.55
880.3899999999999;-766.55	885.0;-748.0
885.0;-748.0	943.9199999999998;-812.5749999999999
943.9199999999998;-812.5749999999999	997.08;-862.3
997.08;-862.3	1044.48;-897.175
1044.48;-897.175	1059.0;-905.5
1059.0;-905.5	1101.96;-924.6249999999999
1101.96;-924.6249999999999	1145.64;-937.0
1145.64;-937.0	1190.04;-942.625
1190.04;-942.625	1205.0;-943.0
1205.0;-943.0	1247.315;-939.6249999999999
1247.315;-939.6249999999999	1286.6599999999999;-929.5
1286.6599999999999;-929.5	1323.0349999999999;-912.625
1323.0349999999999;-912.625	1334.5;-905.5
1334.5;-905.5	1366.285;-878.7249999999999
1366.285;-878.7249999999999	1393.8400000000001;-843.4
1393.8400000000001;-843.4	1417.165;-799.5250000000001
1417.165;-799.5250000000001	1424.0;-783.0
1424.0;-783.0	1435.2199999999998;-742.26
1435.2199999999998;-742.26	1442.48;-689.64
1442.48;-689.64	1445.78;-625.14
1445.78;-625.14	1446.0;-601.0
1446.0;-601.0	1446.0;-207.0
1446.0;-207.0	1447.1699999999998;-160.26
1447.1699999999998;-160.26	1450.6799999999998;-123.24000000000001
1450.6799999999998;-123.24000000000001	1456.53;-95.94000000000001
1456.53;-95.94000000000001	1459.0;-89.0
1459.0;-89.0	1466.5299999999997;-76.385
1466.5299999999997;-76.385	1477.12;-64.94
1477.12;-64.94	1490.77;-54.665
1490.77;-54.665	1496.0;-51.5
1496.0;-51.5	1515.2599999999998;-43.595
1515.2599999999998;-43.595	1540.6399999999999;-38.480000000000004
1540.6399999999999;-38.480000000000004	1572.1399999999999;-36.155
1572.1399999999999;-36.155	1584.0;-36.0
1584.0;-36.0	1584.0;-0.0
1584.0;-0.0	1132.0;-0.0
1132.0;-0.0	1132.0;-36.0
1132.0;-36.0	1151.0;-36.0
1151.0;-36.0	1184.0599999999997;-38.07
1184.0599999999997;-38.07	1212.44;-44.28
1212.44;-44.28	1236.1399999999999;-54.629999999999995
1236.1399999999999;-54.629999999999995	1243.0;-59.0
1243.0;-59.0	1255.6299999999999;-70.31
1255.6299999999999;-70.31	1265.9199999999998;-85.03999999999999
1265.9199999999998;-85.03999999999999	1273.87;-103.19
1273.87;-103.19	1276.0;-110.0
1276.0;-110.0	1278.04;-125.86999999999998
1278.04;-125.86999999999998	1279.3600000000001;-153.07999999999998
1279.3600000000001;-153.07999999999998	1279.96;-191.62999999999997
1279.96;-191.62999999999997	1280.0;-207.0
1280.0;-207.0	1280.0;-601.0
1280.0;-601.0	1277.57;-662.26
1277.57;-662.26	1270.28;-711.6400000000001
1270.28;-711.6400000000001	1258.13;-749.14
1258.13;-749.14	1253.0;-759.0
1253.0;-759.0	1225.37;-791.6399999999999
1225.37;-791.6399999999999	1189.28;-812.76
1189.28;-812.76	1144.73;-822.36
1144.73;-822.36	1128.0;-823.0
1128.0;-823.0	1096.155;-820.6149999999998
1096.155;-820.6149999999998	1064.22;-813.46
1064.22;-813.46	1032.195;-801.535
1032.195;-801.535	1021.5;-796.5
1021.5;-796.5	987.3749999999999;-776.505
987.3749999999999;-776.505	949.2;-748.3199999999999
949.2;-748.3199999999999	906.975;-711.9449999999999
906.975;-711.9449999999999	892.0;-698.0
892.0;-698.0	890.0;-687.0
890.0;-687.0	892.0;-644.0
892.0;-644.0	892.0;-207.0
892.0;-207.0	892.9449999999999;-156.98999999999998
892.9449999999999;-156.98999999999998	895.78;-119.75999999999999
895.78;-119.75999999999999	900.505;-95.31
900.505;-95.31	902.5;-90.0
902.5;-90.0	910.4649999999999;-76.875
910.4649999999999;-76.875	921.7600000000001;-65.1
921.7600000000001;-65.1	936.385;-54.675
936.385;-54.675	942.0;-51.5
942.0;-51.5	963.0899999999999;-43.595
963.0899999999999;-43.595	991.56;-38.480000000000004
991.56;-38.480000000000004	1027.4099999999999;-36.155
1027.4099999999999;-36.155	1041.0;-36.0
1041.0;-36.0	1041.0;-0.0
1041.0;-0.0	578.0;-0.0
578.0;-0.0	578.0;-36.0
578.0;-36.0	619.3249999999999;-37.62
619.3249999999999;-37.62	652.1;-42.480000000000004
652.1;-42.480000000000004	676.325;-50.57999999999999
676.325;-50.57999999999999	682.5;-54.0
682.5;-54.0	698.025;-66.41999999999999
698.025;-66.41999999999999	710.4000000000001;-82.08
710.4000000000001;-82.08	719.6249999999999;-100.97999999999999
719.6249999999999;-100.97999999999999	722.0;-108.0
722.0;-108.0	724.5499999999998;-124.04999999999998
724.5499999999998;-124.04999999999998	726.2;-151.8
726.2;-151.8	726.95;-191.24999999999997
726.95;-191.24999999999997	727.0;-207.0
727.0;-207.0	727.0;-601.0
727.0;-601.0	724.03;-662.53
724.03;-662.53	715.12;-712.72
715.12;-712.72	700.27;-751.57
700.27;-751.57	694.0;-762.0
694.0;-762.0	664.4499999999999;-794.64
664.4499999999999;-794.64	628.6;-815.76
628.6;-815.76	586.4499999999999;-825.3599999999999
586.4499999999999;-825.3599999999999	571.0;-826.0
571.0;-826.0	538.6899999999999;-823.3899999999999
538.6899999999999;-823.3899999999999	506.55999999999995;-815.56
506.55999999999995;-815.56	474.61;-802.51
474.61;-802.51	464.0;-797.0
464.0;-797.0	417.61999999999995;-769.61
417.61999999999995;-769.61	378.08;-740.24
378.08;-740.24	345.38000000000005;-708.89
345.38000000000005;-708.89	336.0;-698.0
336.0;-698.0	336.0;-207.0
336.0;-207.0	337.125;-158.67
337.125;-158.67	340.5;-121.68
340.5;-121.68	346.125;-96.03000000000002
346.125;-96.03000000000002	348.5;-90.0
348.5;-90.0	357.08;-75.01499999999999
357.08;-75.01499999999999	367.82000000000005;-62.46
367.82000000000005;-62.46	380.71999999999997;-52.335
380.71999999999997;-52.335	385.5;-49.5
385.5;-49.5	404.74499999999995;-42.614999999999995
404.74499999999995;-42.614999999999995	433.08000000000004;-38.160000000000004
433.08000000000004;-38.160000000000004	470.505;-36.135
470.505;-36.135	485.0;-36.0
485.0;-36.0	485.0;-0.0
485.0;-0.0	32.0;-0.0
32.0;-0.0	32.0;-36.0
32.0;-36.0	66.38;-37.214999999999996
66.38;-37.214999999999996	93.91999999999999;-40.86
93.91999999999999;-40.86	114.61999999999999;-46.934999999999995
114.61999999999999;-46.934999999999995	120.0;-49.5
120.0;-49.5	133.92;-59.03999999999999
133.92;-59.03999999999999	145.68;-71.46
145.68;-71.46	155.28;-86.75999999999999
155.28;-86.75999999999999	158.0;-92.5
158.0;-92.5	164.62999999999997;-115.195
164.62999999999997;-115.195	168.92;-147.88
168.92;-147.88	170.87;-190.55499999999998
170.87;-190.55499999999998	171.0;-207.0
171.0;-207.0	171.0;-557.0
171.0;-557.0	170.19;-637.9699999999999
170.19;-637.9699999999999	167.76;-699.68
167.76;-699.68	163.70999999999998;-742.13
163.70999999999998;-742.13	162.0;-752.0
162.0;-752.0	157.07999999999998;-769.9549999999999
157.07999999999998;-769.9549999999999	150.72;-784.22
150.72;-784.22	142.92000000000002;-794.7950000000001
142.92000000000002;-794.7950000000001	140.0;-797.5
140.0;-797.5	130.01;-803.8749999999999
130.01;-803.8749999999999	118.04;-808.0
118.04;-808.0	104.09;-809.875
104.09;-809.875	99.0;-810.0
99.0;-810.0	81.20999999999998;-808.6499999999999
81.20999999999998;-808.6499999999999	61.44;-804.6000000000001
61.44;-804.6000000000001	39.690000000000005;-797.8499999999999
39.690000000000005;-797.8499999999999	32.0;-795.0
32.0;-795.0	17.0;-831.0
17.0;-831.0	293.0;-943.0
293.0;-943.0	336.0;-943.0
336.0;-943.0	336.0;-748.0
336.0;-748.0	336.0;-748.0
Z
>n
M
331.0;-749.0	426.24999999999994;-847.9399999999999
426.24999999999994;-847.9399999999999	518.8;-911.96
518.8;-911.96	608.6499999999999;-941.06
608.6499999999999;-941.06	638.0;-943.0
638.0;-943.0	681.1099999999999;-939.6249999999999
681.1099999999999;-939.6249999999999	720.44;-929.5
720.44;-929.5	755.99;-912.625
755.99;-912.625	767.0;-905.5
767.0;-905.5	797.4199999999998;-878.6349999999999
797.4199999999998;-878.6349999999999	823.8799999999999;-843.04
823.8799999999999;-843.04	846.38;-798.7149999999999
846.38;-798.7149999999999	853.0;-782.0
853.0;-782.0	864.22;-740.24
864.22;-740.24	871.48;-686.96
871.48;-686.96	874.78;-622.16
874.78;-622.16	875.0;-598.0
875.0;-598.0	875.0;-207.0
875.0;-207.0	876.26;-159.83999999999997
876.26;-159.83999999999997	880.04;-122.75999999999999
880.04;-122.75999999999999	886.3399999999999;-95.76
886.3399999999999;-95.76	889.0;-89.0
889.0;-89.0	896.8149999999999;-74.99
896.8149999999999;-74.99	907.06;-62.96
907.06;-62.96	919.7349999999999;-52.910000000000004
919.7349999999999;-52.910000000000004	924.5;-50.0
924.5;-50.0	942.935;-42.86
942.935;-42.86	968.84;-38.24
968.84;-38.24	1002.215;-36.14
1002.215;-36.14	1015.0;-36.0
1015.0;-36.0	1015.0;-0.0
1015.0;-0.0	562.0;-0.0
562.0;-0.0	562.0;-36.0
562.0;-36.0	581.0;-36.0
581.0;-36.0	615.935;-37.754999999999995
615.935;-37.754999999999995	643.94;-43.02
643.94;-43.02	665.015;-51.794999999999995
665.015;-51.794999999999995	670.5;-55.5
670.5;-55.5	684.405;-68.865
684.405;-68.865	695.52;-85.56
695.52;-85.56	703.845;-105.585
703.845;-105.585	706.0;-113.0
706.0;-113.0	708.0399999999998;-127.75999999999999
708.0399999999998;-127.75999999999999	709.36;-154.04
709.36;-154.04	709.96;-191.83999999999997
709.96;-191.83999999999997	710.0;-207.0
710.0;-207.0	710.0;-582.0
710.0;-582.0	707.0749999999999;-650.8349999999999
707.0749999999999;-650.8349999999999	698.3;-707.34
698.3;-707.34	683.675;-751.5149999999999
683.675;-751.5149999999999	677.5;-763.5
677.5;-763.5	653.995;-792.3149999999998
653.995;-792.3149999999998	622.48;-810.96
622.48;-810.96	582.955;-819.435
582.955;-819.435	568.0;-820.0
568.0;-820.0	496.68999999999994;-808.3
496.68999999999994;-808.3	425.55999999999995;-773.1999999999999
425.55999999999995;-773.1999999999999	354.61;-714.7
354.61;-714.7	331.0;-690.0
331.0;-690.0	331.0;-207.0
331.0;-207.0	331.9899999999999;-157.59
331.9899999999999;-157.59	334.96;-120.96000000000001
334.96;-120.96000000000001	339.90999999999997;-97.11
339.90999999999997;-97.11	342.0;-92.0
342.0;-92.0	351.34499999999997;-75.99499999999999
351.34499999999997;-75.99499999999999	362.58000000000004;-62.78
362.58000000000004;-62.78	375.705;-52.355000000000004
375.705;-52.355000000000004	380.5;-49.5
380.5;-49.5	399.74499999999995;-42.614999999999995
399.74499999999995;-42.614999999999995	428.08000000000004;-38.160000000000004
428.08000000000004;-38.160000000000004	465.50499999999994;-36.135
465.50499999999994;-36.135	480.0;-36.0
480.0;-36.0	480.0;-0.0
480.0;-0.0	27.0;-0.0
27.0;-0.0	27.0;-36.0
27.0;-36.0	47.0;-36.0
47.0;-36.0	84.905;-39.195
84.905;-39.195	114.62;-48.78
114.62;-48.78	136.145;-64.755
136.145;-64.755	141.5;-71.5
141.5;-71.5	153.995;-98.60499999999999
153.995;-98.60499999999999	162.07999999999998;-137.32
162.07999999999998;-137.32	165.755;-187.64499999999998
165.755;-187.64499999999998	166.0;-207.0
166.0;-207.0	166.0;-547.0
166.0;-547.0	165.325;-634.3899999999999
165.325;-634.3899999999999	163.29999999999998;-698.56
163.29999999999998;-698.56	159.92499999999998;-739.51
159.92499999999998;-739.51	158.5;-748.0
158.5;-748.0	153.27999999999997;-767.53
153.27999999999997;-767.53	146.62;-782.9200000000001
146.62;-782.9200000000001	138.52;-794.17
138.52;-794.17	135.5;-797.0
135.5;-797.0	125.25499999999998;-803.63
125.25499999999998;-803.63	113.12;-807.9200000000001
113.12;-807.9200000000001	99.095;-809.87
99.095;-809.87	94.0;-810.0
94.0;-810.0	76.21000000000001;-808.6499999999999
76.21000000000001;-808.6499999999999	56.44;-804.6000000000001
56.44;-804.6000000000001	34.690000000000005;-797.8499999999999
34.690000000000005;-797.8499999999999	27.0;-795.0
27.0;-795.0	12.0;-831.0
12.0;-831.0	288.0;-943.0
288.0;-943.0	331.0;-943.0
331.0;-943.0	331.0;-749.0
331.0;-749.0	331.0;-749.0
Z
>o
M
512.0;-943.0	629.42;-928.7799999999999
629.42;-928.7799999999999	732.0799999999999;-886.1199999999999
732.0799999999999;-886.1199999999999	819.98;-815.02
819.98;-815.02	846.0;-785.0
846.0;-785.0	900.5699999999999;-700.4
900.5699999999999;-700.4	935.8799999999999;-608.6
935.8799999999999;-608.6	951.93;-509.6
951.93;-509.6	953.0;-475.0
953.0;-475.0	947.6899999999999;-400.92999999999995
947.6899999999999;-400.92999999999995	931.76;-326.32
931.76;-326.32	905.21;-251.17000000000002
905.21;-251.17000000000002	894.0;-226.0
894.0;-226.0	854.595;-155.98
854.595;-155.98	807.1800000000001;-97.11999999999999
807.1800000000001;-97.11999999999999	751.755;-49.420000000000016
751.755;-49.420000000000016	731.5;-36.0
731.5;-36.0	667.285;-3.359999999999997
667.285;-3.359999999999997	598.84;17.759999999999998
598.84;17.759999999999998	526.165;27.36
526.165;27.36	501.0;28.0
501.0;28.0	384.45;13.149999999999997
384.45;13.149999999999997	283.20000000000005;-31.4
283.20000000000005;-31.4	197.25;-105.64999999999996
197.25;-105.64999999999996	172.0;-137.0
172.0;-137.0	119.46999999999998;-223.46
119.46999999999998;-223.46	85.48;-316.03999999999996
85.48;-316.03999999999996	70.03;-414.74
70.03;-414.74	69.0;-449.0
69.0;-449.0	74.62499999999999;-524.465
74.62499999999999;-524.465	91.5;-599.6600000000001
91.5;-599.6600000000001	119.62499999999999;-674.585
119.62499999999999;-674.585	131.5;-699.5
131.5;-699.5	172.555;-768.3499999999999
172.555;-768.3499999999999	220.72;-825.5
220.72;-825.5	275.995;-870.95
275.995;-870.95	296.0;-883.5
296.0;-883.5	358.28;-913.8449999999999
358.28;-913.8449999999999	422.72;-933.48
422.72;-933.48	489.32;-942.405
489.32;-942.405	512.0;-943.0
512.0;-943.0	512.0;-943.0
Z
M
481.0;-878.0	449.1549999999999;-875.165
449.1549999999999;-875.165	417.21999999999997;-866.6600000000001
417.21999999999997;-866.6600000000001	385.195;-852.4849999999999
385.195;-852.4849999999999	374.5;-846.5
374.5;-846.5	344.24499999999995;-823.325
344.24499999999995;-823.325	317.68;-791.5999999999999
317.68;-791.5999999999999	294.805;-751.3249999999999
294.805;-751.3249999999999	288.0;-736.0
288.0;-736.0	271.16999999999996;-684.55
271.16999999999996;-684.55	260.28000000000003;-625.0
260.28000000000003;-625.0	255.32999999999998;-557.35
255.32999999999998;-557.35	255.0;-533.0
255.0;-533.0	262.155;-417.95
262.155;-417.95	283.62;-312.8
283.62;-312.8	319.395;-217.55
319.395;-217.55	334.5;-188.0
334.5;-188.0	386.74499999999995;-114.05
386.74499999999995;-114.05	448.08000000000004;-66.2
448.08000000000004;-66.2	518.505;-44.45
518.505;-44.45	544.0;-43.0
544.0;-43.0	599.14;-50.199999999999996
599.14;-50.199999999999996	648.1600000000001;-71.80000000000001
648.1600000000001;-71.80000000000001	691.06;-107.79999999999998
691.06;-107.79999999999998	704.0;-123.0
704.0;-123.0	736.1299999999999;-181.34999999999997
736.1299999999999;-181.34999999999997	756.92;-260.4
756.92;-260.4	766.37;-360.15
766.37;-360.15	767.0;-398.0
767.0;-398.0	757.55;-535.04
757.55;-535.04	729.2;-653.3599999999999
729.2;-653.3599999999999	681.95;-752.9599999999999
681.95;-752.9599999999999	662.0;-782.0
662.0;-782.0	615.8899999999999;-830.9599999999999
615.8899999999999;-830.9599999999999	562.76;-862.6400000000001
562.76;-862.6400000000001	502.61;-877.04
502.61;-877.04	481.0;-878.0
481.0;-878.0	481.0;-878.0
Z
>s
M
656.0;-943.0	656.0;-631.0
656.0;-631.0	623.0;-631.0
623.0;-631.0	598.265;-710.7399999999999
598.265;-710.7399999999999	569.6600000000001;-773.56
569.6600000000001;-773.56	537.185;-819.46
537.185;-819.46	525.5;-831.0
525.5;-831.0	486.8749999999999;-858.03
486.8749999999999;-858.03	442.4;-875.52
442.4;-875.52	392.07500000000005;-883.47
392.07500000000005;-883.47	374.0;-884.0
374.0;-884.0	334.42999999999995;-880.67
334.42999999999995;-880.67	299.71999999999997;-870.6800000000001
299.71999999999997;-870.6800000000001	269.87;-854.03
269.87;-854.03	261.0;-847.0
261.0;-847.0	239.07;-824.08
239.07;-824.08	224.88;-799.72
224.88;-799.72	218.43;-773.92
218.43;-773.92	218.0;-765.0
218.0;-765.0	220.88;-732.8399999999999
220.88;-732.8399999999999	229.52;-703.5600000000001
229.52;-703.5600000000001	243.92000000000002;-677.16
243.92000000000002;-677.16	250.0;-669.0
250.0;-669.0	274.35999999999996;-643.9499999999999
274.35999999999996;-643.9499999999999	310.24;-618.0
310.24;-618.0	357.64;-591.15
357.64;-591.15	376.0;-582.0
376.0;-582.0	522.0;-511.0
522.0;-511.0	625.53;-445.92999999999995
625.53;-445.92999999999995	692.52;-369.52
692.52;-369.52	722.97;-281.77000000000004
722.97;-281.77000000000004	725.0;-250.0
725.0;-250.0	716.495;-179.365
716.495;-179.365	690.98;-117.46000000000001
690.98;-117.46000000000001	648.4549999999999;-64.28500000000001
648.4549999999999;-64.28500000000001	630.5;-48.5
630.5;-48.5	571.775;-9.484999999999998
571.775;-9.484999999999998	509.0;15.759999999999998
509.0;15.759999999999998	442.175;27.235
442.175;27.235	419.0;28.0
419.0;28.0	366.44;25.299999999999997
366.44;25.299999999999997	309.55999999999995;17.200000000000003
309.55999999999995;17.200000000000003	248.36;3.700000000000004
248.36;3.700000000000004	227.0;-2.0
227.0;-2.0	208.27999999999997;-7.1
208.27999999999997;-7.1	191.72;-10.4
191.72;-10.4	177.32;-11.9
177.32;-11.9	173.0;-12.0
173.0;-12.0	160.1;-9.659999999999998
160.1;-9.659999999999998	149.0;-2.6399999999999997
149.0;-2.6399999999999997	139.7;9.059999999999997
139.7;9.059999999999997	137.0;14.0
137.0;14.0	104.0;14.0
104.0;14.0	104.0;-313.0
104.0;-313.0	137.0;-313.0
137.0;-313.0	158.39000000000001;-235.20999999999998
158.39000000000001;-235.20999999999998	188.96;-169.84
188.96;-169.84	228.70999999999998;-116.89
228.70999999999998;-116.89	244.0;-102.0
244.0;-102.0	293.10999999999996;-65.79
293.10999999999996;-65.79	345.64;-42.36
345.64;-42.36	401.59;-31.71
401.59;-31.71	421.0;-31.0
421.0;-31.0	460.1049999999999;-34.644999999999996
460.1049999999999;-34.644999999999996	494.62;-45.58
494.62;-45.58	524.545;-63.80499999999999
524.545;-63.80499999999999	533.5;-71.5
533.5;-71.5	555.685;-97.28499999999998
555.685;-97.28499999999998	570.04;-126.03999999999999
570.04;-126.03999999999999	576.5649999999999;-157.765
576.5649999999999;-157.765	577.0;-169.0
577.0;-169.0	572.635;-208.42
572.635;-208.42	559.54;-243.88
559.54;-243.88	537.715;-275.38
537.715;-275.38	528.5;-285.0
528.5;-285.0	490.7149999999999;-315.45
490.7149999999999;-315.45	435.55999999999995;-350.4
435.55999999999995;-350.4	363.035;-389.85
363.035;-389.85	335.0;-404.0
335.0;-404.0	257.0;-445.94
257.0;-445.94	197.0;-485.36
197.0;-485.36	155.0;-522.26
155.0;-522.26	145.0;-534.0
145.0;-534.0	122.05;-570.9
122.05;-570.9	107.2;-613.2
107.2;-613.2	100.45;-660.8999999999999
100.45;-660.8999999999999	100.0;-678.0
100.0;-678.0	106.975;-742.4699999999999
106.975;-742.4699999999999	127.9;-800.28
127.9;-800.28	162.77499999999998;-851.43
162.77499999999998;-851.43	177.5;-867.0
177.5;-867.0	228.09499999999997;-905.7599999999999
228.09499999999997;-905.7599999999999	286.88;-930.8399999999999
286.88;-930.8399999999999	353.855;-942.24
353.855;-942.24	378.0;-943.0
378.0;-943.0	412.46999999999997;-940.9299999999998
412.46999999999997;-940.9299999999998	451.0799999999999;-934.72
451.0799999999999;-934.72	493.83;-924.3699999999999
493.83;-924.3699999999999	509.0;-920.0
509.0;-920.0	536.54;-912.3499999999999
536.54;-912.3499999999999	557.96;-907.4000000000001
557.96;-907.4000000000001	573.26;-905.15
573.26;-905.15	577.0;-905.0
577.0;-905.0	585.9699999999999;-905.63
585.9699999999999;-905.63	593.6800000000001;-907.52
593.6800000000001;-907.52	600.13;-910.67
600.13;-910.67	602.0;-912.0
602.0;-912.0	607.67;-917.7299999999999
607.67;-917.7299999999999	613.88;-926.52
613.88;-926.52	620.63;-938.3699999999999
620.63;-938.3699999999999	623.0;-943.0
623.0;-943.0	656.0;-943.0
656.0;-943.0	656.0;-943.0
Z
>w
M
13.0;-916.0	397.0;-916.0
397.0;-916.0	397.0;-879.0
397.0;-879.0	368.485;-875.6099999999999
368.485;-875.6099999999999	346.54;-870.24
346.54;-870.24	331.16499999999996;-862.8900000000001
331.16499999999996;-862.8900000000001	327.5;-860.0
327.5;-860.0	319.085;-849.8299999999999
319.085;-849.8299999999999	313.64;-837.32
313.64;-837.32	311.16499999999996;-822.47
311.16499999999996;-822.47	311.0;-817.0
311.0;-817.0	312.53;-797.2299999999999
312.53;-797.2299999999999	317.12;-775.12
317.12;-775.12	324.77;-750.67
324.77;-750.67	328.0;-742.0
328.0;-742.0	524.0;-215.0
524.0;-215.0	721.0;-644.0
721.0;-644.0	669.0;-779.0
669.0;-779.0	653.2499999999999;-811.67
653.2499999999999;-811.67	634.8;-837.6800000000001
634.8;-837.6800000000001	613.65;-857.03
613.65;-857.03	606.0;-862.0
606.0;-862.0	589.3799999999999;-869.41
589.3799999999999;-869.41	565.9200000000001;-874.8399999999999
565.9200000000001;-874.8399999999999	535.62;-878.29
535.62;-878.29	524.0;-879.0
524.0;-879.0	524.0;-916.0
524.0;-916.0	960.0;-916.0
960.0;-916.0	960.0;-879.0
960.0;-879.0	920.5799999999999;-875.3999999999999
920.5799999999999;-875.3999999999999	888.72;-868.2
888.72;-868.2	864.4200000000001;-857.4
864.4200000000001;-857.4	858.0;-853.0
858.0;-853.0	847.7999999999998;-841.6899999999999
847.7999999999998;-841.6899999999999	841.2;-826.96
841.2;-826.96	838.2;-808.81
838.2;-808.81	838.0;-802.0
838.0;-802.0	838.7199999999999;-789.91
838.7199999999999;-789.91	840.8800000000001;-777.6400000000001
840.8800000000001;-777.6400000000001	844.48;-765.1899999999999
844.48;-765.1899999999999	846.0;-761.0
846.0;-761.0	1054.0;-235.0
1054.0;-235.0	1247.0;-742.0
1247.0;-742.0	1257.2;-772.4199999999998
1257.2;-772.4199999999998	1263.8000000000002;-798.88
1263.8000000000002;-798.88	1266.8;-821.38
1266.8;-821.38	1267.0;-828.0
1267.0;-828.0	1265.245;-839.0400000000001
1265.245;-839.0400000000001	1259.98;-849.3599999999999
1259.98;-849.3599999999999	1251.205;-858.9599999999999
1251.205;-858.9599999999999	1247.5;-862.0
1247.5;-862.0	1232.425;-869.8299999999999
1232.425;-869.8299999999999	1210.6;-875.3199999999999
1210.6;-875.3199999999999	1182.0249999999999;-878.47
1182.0249999999999;-878.47	1171.0;-879.0
1171.0;-879.0	1171.0;-916.0
1171.0;-916.0	1460.0;-916.0
1460.0;-916.0	1460.0;-879.0
1460.0;-879.0	1411.94;-862.9199999999998
1411.94;-862.9199999999998	1372.1599999999999;-830.28
1372.1599999999999;-830.28	1340.66;-781.0799999999999
1340.66;-781.0799999999999	1332.0;-761.0
1332.0;-761.0	1026.0;28.0
1026.0;28.0	985.0;28.0
985.0;28.0	756.0;-557.0
756.0;-557.0	489.0;28.0
489.0;28.0	452.0;28.0
452.0;28.0	158.0;-742.0
158.0;-742.0	140.69;-781.5249999999999
140.69;-781.5249999999999	123.56;-812.5
123.56;-812.5	106.61000000000001;-834.925
106.61000000000001;-834.925	101.0;-840.5
101.0;-840.5	81.32;-854.675
81.32;-854.675	55.88;-866.6000000000001
55.88;-866.6000000000001	24.680000000000007;-876.2750000000001
24.680000000000007;-876.2750000000001	13.0;-879.0
13.0;-879.0	13.0;-916.0
13.0;-916.0	13.0;-916.0
Z
>Æ
M
1233.0;-1387.0	1264.0;-926.0
1264.0;-926.0	1233.0;-926.0
1233.0;-926.0	1191.03;-1039.76
1191.03;-1039.76	1139.52;-1132.6399999999999
1139.52;-1132.6399999999999	1078.47;-1204.6399999999999
1078.47;-1204.6399999999999	1056.0;-1224.0
1056.0;-1224.0	982.8599999999999;-1270.4099999999999
982.8599999999999;-1270.4099999999999	901.44;-1300.44
901.44;-1300.44	811.74;-1314.0900000000001
811.74;-1314.0900000000001	780.0;-1315.0
780.0;-1315.0	701.3399999999999;-1308.8349999999998
701.3399999999999;-1308.8349999999998	627.3599999999999;-1290.34
627.3599999999999;-1290.34	558.06;-1259.5149999999999
558.06;-1259.5149999999999	536.0;-1246.5
536.0;-1246.5	474.785;-1198.065
474.785;-1198.065	421.94000000000005;-1134.96
421.94000000000005;-1134.96	377.46500000000003;-1057.185
377.46500000000003;-1057.185	364.5;-1028.0
364.5;-1028.0	332.625;-931.43
332.625;-931.43	312.0;-821.72
312.0;-821.72	302.625;-698.87
302.625;-698.87	302.0;-655.0
302.0;-655.0	307.31;-549.01
307.31;-549.01	323.24;-451.84
323.24;-451.84	349.78999999999996;-363.49
349.78999999999996;-363.49	361.0;-336.0
361.0;-336.0	401.75499999999994;-260.67
401.75499999999994;-260.67	453.22;-196.68
453.22;-196.68	515.395;-144.03000000000003
515.395;-144.03000000000003	538.5;-129.0
538.5;-129.0	612.615;-92.27999999999999
612.615;-92.27999999999999	692.76;-68.52
692.76;-68.52	778.935;-57.72
778.935;-57.72	809.0;-57.0
809.0;-57.0	885.4099999999999;-62.084999999999994
885.4099999999999;-62.084999999999994	956.24;-77.34
956.24;-77.34	1021.49;-102.76499999999999
1021.49;-102.76499999999999	1042.0;-113.5
1042.0;-113.5	1104.3999999999999;-157.43499999999997
1104.3999999999999;-157.43499999999997	1170.4;-221.44
1170.4;-221.44	1240.0;-305.51499999999993
1240.0;-305.51499999999993	1264.0;-338.0
1264.0;-338.0	1295.0;-318.0
1295.0;-318.0	1230.7399999999998;-218.13
1230.7399999999998;-218.13	1160.3600000000001;-135.72
1160.3600000000001;-135.72	1083.8600000000001;-70.77000000000001
1083.8600000000001;-70.77000000000001	1057.0;-53.0
1057.0;-53.0	970.81;-10.159999999999997
970.81;-10.159999999999997	875.44;17.559999999999995
875.44;17.559999999999995	770.89;30.16
770.89;30.16	734.0;31.0
734.0;31.0	545.48;8.499999999999996
545.48;8.499999999999996	384.32;-59.0
384.32;-59.0	250.52000000000004;-171.49999999999994
250.52000000000004;-171.49999999999994	212.0;-219.0
212.0;-219.0	141.61999999999998;-336.53999999999996
141.61999999999998;-336.53999999999996	96.08;-465.96
96.08;-465.96	75.38;-607.2599999999999
75.38;-607.2599999999999	74.0;-657.0
74.0;-657.0	82.19;-775.8299999999999
82.19;-775.8299999999999	106.75999999999999;-888.72
106.75999999999999;-888.72	147.70999999999998;-995.67
147.70999999999998;-995.67	165.0;-1030.0
165.0;-1030.0	225.765;-1125.115
225.765;-1125.115	298.86;-1206.46
298.86;-1206.46	384.28499999999997;-1274.0349999999999
384.28499999999997;-1274.0349999999999	415.5;-1293.5
415.5;-1293.5	513.855;-1341.185
513.855;-1341.185	617.52;-1372.04
617.52;-1372.04	726.495;-1386.065
726.495;-1386.065	764.0;-1387.0
764.0;-1387.0	851.84;-1380.5199999999998
851.84;-1380.5199999999998	938.96;-1361.08
938.96;-1361.08	1025.36;-1328.68
1025.36;-1328.68	1054.0;-1315.0
1054.0;-1315.0	1077.04;-1303.7799999999997
1077.04;-1303.7799999999997	1095.76;-1296.52
1095.76;-1296.52	1110.1599999999999;-1293.2199999999998
1110.1599999999999;-1293.2199999999998	1114.0;-1293.0
1114.0;-1293.0	1129.57;-1294.7099999999998
1129.57;-1294.7099999999998	1143.8799999999999;-1299.84
1143.8799999999999;-1299.84	1156.93;-1308.39
1156.93;-1308.39	1161.0;-1312.0
1161.0;-1312.0	1175.2499999999998;-1330.0899999999997
1175.2499999999998;-1330.0899999999997	1186.8;-1351.96
1186.8;-1351.96	1195.6499999999999;-1377.6100000000001
1195.6499999999999;-1377.6100000000001	1198.0;-1387.0
1198.0;-1387.0	1233.0;-1387.0
1233.0;-1387.0	1233.0;-1387.0
Z
M
977.0;-1797.0	682.0;-1452.0
682.0;-1452.0	648.0;-1452.0
648.0;-1452.0	753.0;-1797.0
753.0;-1797.0	977.0;-1797.0
977.0;-1797.0	977.0;-1797.0
Z
>¥
M
937.0;-454.0	412.0;-454.0
412.0;-454.0	320.0;-240.0
320.0;-240.0	302.65999999999997;-196.19999999999996
302.65999999999997;-196.19999999999996	291.44;-159.60000000000002
291.44;-159.60000000000002	286.34;-130.20000000000002
286.34;-130.20000000000002	286.0;-122.0
286.0;-122.0	288.655;-104.075
288.655;-104.075	296.62;-87.5
296.62;-87.5	309.895;-72.275
309.895;-72.275	315.5;-67.5
315.5;-67.5	339.365;-54.88499999999999
339.365;-54.88499999999999	375.56;-45.24
375.56;-45.24	424.085;-38.565000000000005
424.085;-38.565000000000005	443.0;-37.0
443.0;-37.0	443.0;-0.0
443.0;-0.0	16.0;-0.0
16.0;-0.0	16.0;-37.0
16.0;-37.0	61.599999999999994;-46.81
61.599999999999994;-46.81	96.4;-58.24
96.4;-58.24	120.39999999999999;-71.28999999999999
120.39999999999999;-71.28999999999999	126.0;-76.0
126.0;-76.0	157.58999999999997;-113.71
157.58999999999997;-113.71	191.16;-169.24
191.16;-169.24	226.70999999999998;-242.58999999999997
226.70999999999998;-242.58999999999997	239.0;-271.0
239.0;-271.0	716.0;-1387.0
716.0;-1387.0	751.0;-1387.0
751.0;-1387.0	1223.0;-259.0
1223.0;-259.0	1256.2549999999999;-185.995
1256.2549999999999;-185.995	1287.62;-130.18
1287.62;-130.18	1317.0949999999998;-91.555
1317.0949999999998;-91.555	1326.5;-82.5
1326.5;-82.5	1357.685;-61.394999999999996
1357.685;-61.394999999999996	1395.44;-46.68
1395.44;-46.68	1439.7649999999999;-38.355000000000004
1439.7649999999999;-38.355000000000004	1456.0;-37.0
1456.0;-37.0	1456.0;-0.0
1456.0;-0.0	921.0;-0.0
921.0;-0.0	921.0;-37.0
921.0;-37.0	964.8749999999999;-41.10999999999999
964.8749999999999;-41.10999999999999	999.3;-48.64
999.3;-48.64	1024.2749999999999;-59.589999999999996
1024.2749999999999;-59.589999999999996	1030.5;-64.0
1030.5;-64.0	1045.0349999999999;-78.69999999999999
1045.0349999999999;-78.69999999999999	1054.44;-95.19999999999999
1054.44;-95.19999999999999	1058.715;-113.49999999999999
1058.715;-113.49999999999999	1059.0;-120.0
1059.0;-120.0	1055.3999999999999;-150.98999999999998
1055.3999999999999;-150.98999999999998	1044.6;-191.16
1044.6;-191.16	1026.6000000000001;-240.51
1026.6000000000001;-240.51	1019.0;-259.0
1019.0;-259.0	937.0;-454.0
Z
M
909.0;-528.0	679.0;-1076.0
679.0;-1076.0	443.0;-528.0
443.0;-528.0	909.0;-528.0
909.0;-528.0	909.0;-528.0
Z
M
1281.0;-60.0	1264.0649999999998;-41.81999999999999
1264.0649999999998;-41.81999999999999	1246.86;-23.28
1246.86;-23.28	1229.385;-4.380000000000006
1229.385;-4.380000000000006	1223.5;2.0
1223.5;2.0	1206.2949999999998;21.38
1206.2949999999998;21.38	1190.0800000000002;41.120000000000005
1190.0800000000002;41.120000000000005	1174.855;61.22
1174.855;61.22	1170.0;68.0
1170.0;68.0	1156.32;88.625
1156.32;88.625	1144.08;109.7
1144.08;109.7	1133.28;131.225
1133.28;131.225	1130.0;138.5
1130.0;138.5	1121.75;160.625
1121.75;160.625	1116.2;183.2
1116.2;183.2	1113.35;206.225
1113.35;206.225	1113.0;214.0
1113.0;214.0	1114.5449999999998;243.67
1114.5449999999998;243.67	1121.58;270.28000000000003
1121.58;270.28000000000003	1134.105;293.83
1134.105;293.83	1139.5;301.0
1139.5;301.0	1158.5349999999999;318.85
1158.5349999999999;318.85	1181.44;330.4
1181.44;330.4	1208.215;335.65000000000003
1208.215;335.65000000000003	1218.0;336.0
1218.0;336.0	1229.85;335.37
1229.85;335.37	1242.6;333.48
1242.6;333.48	1256.25;330.33
1256.25;330.33	1261.0;329.0
1261.0;329.0	1275.0399999999997;324.34999999999997
1275.0399999999997;324.34999999999997	1288.36;318.8
1288.36;318.8	1300.96;312.34999999999997
1300.96;312.34999999999997	1305.0;310.0
1305.0;310.0	1320.0;339.0
1320.0;339.0	1295.8200000000002;361.65
1295.8200000000002;361.65	1271.28;381.6
1271.28;381.6	1246.3799999999999;398.85
1246.3799999999999;398.85	1238.0;404.0
1238.0;404.0	1211.7199999999998;416.75
1211.7199999999998;416.75	1183.28;425.0
1183.28;425.0	1152.6799999999998;428.75
1152.6799999999998;428.75	1142.0;429.0
1142.0;429.0	1120.4299999999998;427.875
1120.4299999999998;427.875	1100.12;424.5
1100.12;424.5	1081.07;418.875
1081.07;418.875	1075.0;416.5
1075.0;416.5	1057.8549999999998;408.145
1057.8549999999998;408.145	1042.42;398.08
1042.42;398.08	1028.695;386.305
1028.695;386.305	1024.5;382.0
1024.5;382.0	1013.0999999999999;368.215
1013.0999999999999;368.215	1003.5;353.26
1003.5;353.26	995.6999999999999;337.135
995.6999999999999;337.135	993.5;331.5
993.5;331.5	988.2349999999999;314.0849999999999
988.2349999999999;314.0849999999999	985.04;296.04
985.04;296.04	983.915;277.365
983.915;277.365	984.0;271.0
984.0;271.0	986.73;245.38
986.73;245.38	992.52;220.12
992.52;220.12	1001.37;195.22
1001.37;195.22	1005.0;187.0
1005.0;187.0	1017.39;162.85
1017.39;162.85	1031.76;139.6
1031.76;139.6	1048.11;117.25
1048.11;117.25	1054.0;110.0
1054.0;110.0	1064.7549999999999;97.71499999999999
1064.7549999999999;97.71499999999999	1075.42;86.06
1075.42;86.06	1085.995;75.035
1085.995;75.035	1089.5;71.5
1089.5;71.5	1100.3149999999998;60.864999999999995
1100.3149999999998;60.864999999999995	1111.76;49.96
1111.76;49.96	1123.835;38.785000000000004
1123.835;38.785000000000004	1128.0;35.0
1128.0;35.0	1141.23;23.33
1141.23;23.33	1155.72;11.120000000000001
1155.72;11.120000000000001	1171.47;-1.6299999999999968
1171.47;-1.6299999999999968	1177.0;-6.0
1177.0;-6.0	1194.97;-20.099999999999998
1194.97;-20.099999999999998	1215.28;-36.0
1215.28;-36.0	1237.9299999999998;-53.69999999999999
1237.9299999999998;-53.69999999999999	1246.0;-60.0
1246.0;-60.0	1281.0;-60.0
1281.0;-60.0	1281.0;-60.0
Z
>¯
M
1178.0;-1356.0	287.0;-82.0
287.0;-82.0	843.0;-82.0
843.0;-82.0	914.4449999999998;-87.03999999999999
914.4449999999998;-87.03999999999999	975.1800000000001;-102.16
975.1800000000001;-102.16	1025.205;-127.35999999999999
1025.205;-127.35999999999999	1039.5;-138.0
1039.5;-138.0	1079.205;-181.95
1079.205;-181.95	1116.1200000000001;-246.6
1116.1200000000001;-246.6	1150.245;-331.94999999999993
1150.245;-331.94999999999993	1161.0;-365.0
1161.0;-365.0	1194.0;-359.0
1194.0;-359.0	1130.0;-0.0
1130.0;-0.0	26.0;-0.0
26.0;-0.0	26.0;-37.0
26.0;-37.0	896.0;-1275.0
896.0;-1275.0	462.0;-1275.0
462.0;-1275.0	402.55499999999995;-1272.885
402.55499999999995;-1272.885	353.82;-1266.54
353.82;-1266.54	315.795;-1255.965
315.795;-1255.965	305.5;-1251.5
305.5;-1251.5	278.46999999999997;-1235.51
278.46999999999997;-1235.51	255.58;-1215.74
255.58;-1215.74	236.82999999999998;-1192.19
236.82999999999998;-1192.19	231.5;-1183.5
231.5;-1183.5	216.605;-1149.825
216.605;-1149.825	202.52;-1102.2
202.52;-1102.2	189.245;-1040.625
189.245;-1040.625	185.0;-1017.0
185.0;-1017.0	147.0;-1017.0
147.0;-1017.0	175.0;-1356.0
175.0;-1356.0	1178.0;-1356.0
1178.0;-1356.0	1178.0;-1356.0
Z
M
646.0;-1709.0	671.8299999999999;-1706.12
671.8299999999999;-1706.12	695.3199999999999;-1697.48
695.3199999999999;-1697.48	716.47;-1683.08
716.47;-1683.08	723.0;-1677.0
723.0;-1677.0	739.3199999999999;-1656.6299999999999
739.3199999999999;-1656.6299999999999	749.88;-1633.92
749.88;-1633.92	754.68;-1608.87
754.68;-1608.87	755.0;-1600.0
755.0;-1600.0	752.1199999999999;-1574.1699999999998
752.1199999999999;-1574.1699999999998	743.48;-1550.68
743.48;-1550.68	729.0799999999999;-1529.5299999999997
729.0799999999999;-1529.5299999999997	723.0;-1523.0
723.0;-1523.0	702.63;-1506.6799999999998
702.63;-1506.6799999999998	679.9200000000001;-1496.12
679.9200000000001;-1496.12	654.87;-1491.3200000000002
654.87;-1491.3200000000002	646.0;-1491.0
646.0;-1491.0	620.17;-1493.8799999999999
620.17;-1493.8799999999999	596.68;-1502.52
596.68;-1502.52	575.53;-1516.9199999999998
575.53;-1516.9199999999998	569.0;-1523.0
569.0;-1523.0	552.68;-1543.37
552.68;-1543.37	542.12;-1566.08
542.12;-1566.08	537.3199999999999;-1591.13
537.3199999999999;-1591.13	537.0;-1600.0
537.0;-1600.0	539.8349999999999;-1625.83
539.8349999999999;-1625.83	548.34;-1649.3200000000002
548.34;-1649.3200000000002	562.515;-1670.4699999999998
562.515;-1670.4699999999998	568.5;-1677.0
568.5;-1677.0	588.7049999999999;-1693.3199999999997
588.7049999999999;-1693.3199999999997	611.52;-1703.8799999999999
611.52;-1703.8799999999999	636.9449999999999;-1708.68
636.9449999999999;-1708.68	646.0;-1709.0
646.0;-1709.0	646.0;-1709.0
Z
