M 571.0 61.0
Q 317.0 61.0 171.0 -52.0
Q 48.0 -146.0 48.0 -269.0
Q 48.0 -332.0 86.0 -373.5
Q 124.0 -415.0 191.0 -415.0
Q 281.0 -415.0 323.0 -323.0
Q 380.0 -200.0 581.0 -200.0
Q 753.0 -200.0 914.0 -275.0
Q 1081.0 -352.0 1081.0 -444.0
Q 1081.0 -570.0 977.0 -610.0
Q 903.0 -639.0 680.0 -644.0
Q 507.0 -648.0 370.0 -709.0
Q 185.0 -792.0 188.0 -947.0
Q 191.0 -1142.0 396.0 -1304.5
Q 601.0 -1467.0 848.0 -1467.0
Q 946.0 -1467.0 1090.0 -1422.0
Q 1269.0 -1366.0 1269.0 -1293.0
Q 1269.0 -1241.0 1233.0 -1201.0
Q 1193.0 -1156.0 1130.0 -1156.0
Q 1083.0 -1156.0 989.5 -1176.0
Q 896.0 -1196.0 848.0 -1196.0
Q 719.0 -1195.0 603.0 -1134.0
Q 483.0 -1072.0 483.0 -999.0
Q 483.0 -961.0 519.5 -936.5
Q 556.0 -912.0 629.0 -902.0
Q 757.0 -895.0 884.0 -888.0
Q 1106.0 -871.0 1235.0 -763.0
Q 1377.0 -643.0 1377.0 -431.0
Q 1377.0 -173.0 1083.0 -40.0
Q 859.0 61.0 571.0 61.0
Z
