M 150.4 87.80000000000001
Q 165.4 72.80000000000001 168.1 70.55000000000001
Q 174.85 64.85000000000002 182.65 61.69999999999999
Q 190.45 58.55000000000001 198.10000000000002 58.55000000000001
Q 211.0 58.55000000000001 220.3 66.05000000000001
Q 229.6 73.55000000000001 232.75 87.80000000000001
Q 248.2 69.80000000000001 258.85 64.17500000000001
Q 269.5 58.55000000000001 280.75 58.55000000000001
Q 291.7 58.55000000000001 300.17499999999995 64.17500000000001
Q 308.65 69.80000000000001 313.6 82.55000000000001
Q 316.9 91.25 316.9 109.85000000000001
L 316.9 168.95
Q 316.9 181.85 318.84999999999997 186.65
Q 320.35 189.95 324.4 192.275
Q 328.45 194.6 337.59999999999997 194.6
L 337.59999999999997 200.0
L 269.8 200.0
L 269.8 194.6
L 272.65 194.6
Q 281.5 194.6 286.45 191.15
Q 289.9 188.75 291.4 183.5
Q 292.0 180.95 292.0 168.95
L 292.0 109.85000000000001
Q 292.0 93.05 287.95 86.15
Q 282.1 76.55000000000001 269.2 76.55000000000001
Q 261.25 76.55000000000001 253.225 80.525
Q 245.2 84.50000000000001 233.79999999999998 95.30000000000001
L 233.5 96.95
L 233.79999999999998 103.4
L 233.79999999999998 168.95
Q 233.79999999999998 183.05 235.375 186.5
Q 236.95 189.95 241.29999999999998 192.275
Q 245.65 194.6 256.15 194.6
L 256.15 200.0
L 186.7 200.0
L 186.7 194.6
Q 198.10000000000002 194.6 202.375 191.9
Q 206.64999999999998 189.2 208.3 183.8
Q 209.05 181.25 209.05 168.95
L 209.05 109.85000000000001
Q 209.05 93.05 204.1 85.7
Q 197.5 76.10000000000001 185.64999999999998 76.10000000000001
Q 177.55 76.10000000000001 169.6 80.45
Q 157.15 87.05 150.4 95.30000000000001
L 150.4 168.95
Q 150.4 182.45 152.275 186.5
Q 154.15 190.55 157.825 192.575
Q 161.5 194.6 172.75 194.6
L 172.75 200.0
L 104.8 200.0
L 104.8 194.6
Q 114.25 194.6 118.0 192.575
Q 121.75 190.55 123.7 186.125
Q 125.65 181.7 125.65 168.95
L 125.65 116.44999999999999
Q 125.65 93.80000000000001 124.3 87.2
Q 123.25 82.25 121.0 80.375
Q 118.75 78.5 114.85 78.5
Q 110.65 78.5 104.8 80.75000000000001
L 102.55 75.35
L 143.95 58.55000000000001
L 150.4 58.55000000000001
L 150.4 87.80000000000001
Z
